-99989355
-99953318
-99939952
-99933532
-99908152
-99899045
-99887886
-99880816
-99858332
-99856067
-99820190
-99817921
-99808437
-99759136
-99758355
-99739095
-99718635
-99693874
-99691024
-99666467
-99654728
-99654191
-99615218
-99585196
-99568160
-99533103
-99490536
-99475029
-99470239
-99460084
-99454986
-99452363
-99447064
-99444382
-99416629
-99408523
-99396723
-99366247
-99333598
-99313482
-99275263
-99251051
-99250421
-99240822
-99226437
-99180655
-99177459
-99175278
-99160758
-99133535
-99131643
-99123184
-99112210
-99101334
-99078787
-99077481
-99041974
-99028659
-99013635
-99008257
-98987104
-98923527
-98913466
-98901495
-98897555
-98877163
-98825602
-98818998
-98814224
-98771870
-98770290
-98766414
-98750434
-98736435
-98703596
-98691269
-98660406
-98659246
-98652642
-98623818
-98623515
-98589102
-98583982
-98476368
-98467611
-98465060
-98440198
-98427033
-98426213
-98405606
-98388690
-98361811
-98356070
-98350996
-98339925
-98304835
-98250083
-98231477
-98182279
-98169711
-98166779
-98151541
-98134825
-98122537
-98116185
-98100858
-98098339
-98080763
-98065208
-98043119
-98026846
-98019506
-97999348
-97996059
-97965031
-97964559
-97938954
-97922859
-97919656
-97904837
-97899068
-97890407
-97852770
-97846009
-97837931
-97808514
-97760592
-97727457
-97698919
-97652724
-97651132
-97626094
-97625145
-97623553
-97612634
-97591110
-97585163
-97568498
-97552373
-97532686
-97530927
-97484461
-97468053
-97453445
-97434126
-97429467
-97425367
-97419459
-97409597
-97370657
-97366305
-97347374
-97326658
-97277699
-97268645
-97248756
-97245564
-97235474
-97204109
-97184513
-97176536
-97159017
-97156810
-97134987
-97100223
-97066907
-97052986
-97033447
-97020141
-96959369
-96943101
-96942128
-96921574
-96917654
-96896615
-96870886
-96863718
-96857061
-96829654
-96790561
-96773256
-96764880
-96746958
-96745159
-96728826
-96725691
-96725053
-96723988
-96708449
-96655675
-96640219
-96615967
-96614088
-96598559
-96495493
-96486924
-96483284
-96469295
-96452658
-96441792
-96437179
-96421729
-96400809
-96389522
-96337418
-96334713
-96298999
-96291975
-96286655
-96279313
-96250072
-96237756
-96224898
-96224425
-96209871
-96193893
-96188055
-96158154
-96153600
-96148281
-96131372
-96126265
-96099016
-96094890
-96070284
-96065378
-96055241
-96042822
-96035178
-95968975
-95939269
-95938244
-95911657
-95877084
-95844846
-95840756
-95824942
-95823102
-95818692
-95810816
-95810116
-95778886
-95770645
-95695747
-95687853
-95585639
-95535238
-95527373
-95525688
-95524619
-95508700
-95442481
-95402460
-95397391
-95382663
-95377412
-95375883
-95343161
-95332846
-95315201
-95313773
-95295040
-95229471
-95219878
-95205370
-95197573
-95188551
-95185631
-95165689
-95142910
-95134397
-95104829
-95088626
-95065272
-95046354
-95029872
-95024676
-94988087
-94979871
-94976944
-94972554
-94955617
-94928151
-94922096
-94914260
-94823825
-94818483
-94810410
-94778532
-94728260
-94708171
-94706574
-94706084
-94695284
-94678439
-94625704
-94611311
-94607896
-94604606
-94588767
-94567398
-94529768
-94525936
-94519866
-94514516
-94499452
-94484051
-94483881
-94472889
-94461070
-94442585
-94441849
-94433264
-94414709
-94403960
-94395663
-94392323
-94347380
-94340573
-94314328
-94276234
-94260696
-94242496
-94238422
-94203483
-94187637
-94183333
-94175563
-94155654
-94070355
-94068214
-94049606
-94048584
-94037725
-94016762
-93996493
-93987631
-93974150
-93947502
-93925239
-93888733
-93879679
-93859566
-93856223
-93843327
-93830589
-93825063
-93759380
-93730557
-93726493
-93719400
-93711200
-93698608
-93696701
-93693889
-93689417
-93680691
-93635055
-93544854
-93482226
-93480855
-93470785
-93431671
-93413980
-93406455
-93371537
-93365923
-93332872
-93325513
-93314647
-93300540
-93251765
-93221433
-93208819
-93198213
-93196845
-93195574
-93195063
-93141936
-93130589
-93123920
-93093618
-93075667
-93065444
-93039274
-93023787
-92978533
-92936575
-92921666
-92889405
-92874493
-92845572
-92840875
-92822150
-92797787
-92790451
-92776536
-92741215
-92712399
-92667655
-92647969
-92599505
-92563736
-92560455
-92538267
-92533688
-92518028
-92481044
-92449601
-92443826
-92437541
-92428430
-92412705
-92412641
-92400566
-92372131
-92316791
-92280223
-92276404
-92274710
-92261838
-92252415
-92212232
-92199039
-92190251
-92135226
-92109615
-92086693
-92081485
-92045911
-92042919
-92035231
-92029596
-92027990
-91970853
-91957650
-91955005
-91913790
-91905327
-91863014
-91858502
-91844543
-91844262
-91822732
-91819922
-91809052
-91774365
-91746662
-91743330
-91720444
-91681032
-91664505
-91662589
-91632489
-91617390
-91599451
-91577913
-91568283
-91551267
-91543338
-91520124
-91517972
-91517851
-91499501
-91495183
-91485268
-91480957
-91478996
-91462446
-91452128
-91442980
-91425159
-91424369
-91415084
-91408355
-91340927
-91317079
-91271754
-91268203
-91219382
-91217577
-91217205
-91190285
-91155138
-91122325
-91114339
-91099672
-91056981
-91053928
-91027649
-91026387
-90976315
-90974093
-90927498
-90918496
-90917190
-90891351
-90837384
-90819962
-90814437
-90805340
-90799893
-90769972
-90736039
-90728197
-90709831
-90657065
-90591957
-90574609
-90569530
-90529592
-90474485
-90467373
-90464891
-90455269
-90450129
-90441322
-90395004
-90394205
-90391275
-90387298
-90385591
-90333901
-90332313
-90319491
-90308282
-90307949
-90303548
-90302263
-90172040
-90171040
-90158897
-90135507
-90132591
-90114901
-90071141
-90032125
-90031736
-90027372
-90022492
-89932531
-89912127
-89902444
-89888552
-89843377
-89831934
-89821476
-89791239
-89786204
-89781864
-89765343
-89754254
-89751316
-89738796
-89734948
-89719860
-89694461
-89686244
-89676623
-89657276
-89656597
-89617294
-89592979
-89580537
-89554472
-89537884
-89511893
-89511451
-89502227
-89465134
-89455406
-89450411
-89448974
-89364320
-89344423
-89325835
-89283448
-89266811
-89257014
-89251275
-89224990
-89221630
-89210220
-89182835
-89117026
-89061356
-89058182
-89024825
-88992772
-88990740
-88967779
-88933216
-88933213
-88927411
-88917074
-88894707
-88894468
-88882322
-88880790
-88878072
-88873602
-88863904
-88863481
-88862728
-88844377
-88823169
-88809700
-88804532
-88772591
-88749081
-88706114
-88696578
-88687177
-88654568
-88645584
-88617414
-88601180
-88560576
-88558266
-88556350
-88509150
-88492505
-88489784
-88453239
-88395805
-88392349
-88385631
-88367573
-88358232
-88356297
-88346007
-88332025
-88285002
-88283447
-88270293
-88229021
-88217827
-88203703
-88182783
-88139578
-88133892
-88124462
-88110598
-88101981
-88093795
-88092796
-88049364
-87994235
-87977366
-87964724
-87924618
-87924327
-87880689
-87873700
-87756516
-87735170
-87730124
-87708600
-87679239
-87678465
-87573023
-87563961
-87477389
-87459017
-87444966
-87441431
-87407837
-87397865
-87385059
-87293362
-87241345
-87229570
-87226763
-87195808
-87165535
-87160799
-87116900
-87106038
-87092054
-87076952
-87040535
-87033424
-87019565
-86967858
-86912997
-86879879
-86875556
-86827178
-86813126
-86810652
-86792605
-86782453
-86772456
-86771749
-86747832
-86728447
-86714516
-86687532
-86683483
-86610852
-86575898
-86568279
-86565779
-86564825
-86511018
-86477495
-86474195
-86392622
-86360104
-86338845
-86311501
-86295130
-86248721
-86239175
-86229485
-86189600
-86178373
-86151235
-86128750
-86109343
-86091343
-86079540
-86048381
-86035447
-86018617
-86018031
-85994330
-85909133
-85881810
-85879558
-85871890
-85863508
-85856090
-85852942
-85848255
-85831186
-85765784
-85764157
-85764138
-85740770
-85739874
-85708816
-85679769
-85676891
-85639044
-85612605
-85566964
-85562996
-85486452
-85485593
-85454557
-85384792
-85360028
-85336639
-85335603
-85328421
-85317067
-85306337
-85259392
-85256668
-85253012
-85229481
-85221401
-85214047
-85201671
-85197434
-85187438
-85187056
-85172737
-85145627
-85075333
-85052205
-85032642
-85019258
-85006413
-84944177
-84924991
-84909132
-84905346
-84880791
-84820467
-84809427
-84796805
-84788147
-84734860
-84734321
-84700037
-84692397
-84685347
-84658195
-84639601
-84630340
-84565335
-84539033
-84470963
-84464023
-84446518
-84430897
-84428118
-84396700
-84384356
-84346128
-84344493
-84341934
-84340462
-84331343
-84300917
-84262919
-84258575
-84245074
-84243275
-84228792
-84226881
-84225147
-84222218
-84190647
-84140870
-84140026
-84116075
-84115342
-84108666
-84102910
-84099233
-84092659
-84073538
-84055843
-84038783
-84037770
-83934572
-83930134
-83929714
-83897627
-83857007
-83827332
-83820623
-83804214
-83790507
-83764462
-83744678
-83740013
-83724931
-83721671
-83709325
-83681505
-83665473
-83665212
-83583836
-83558148
-83552673
-83533030
-83531056
-83509482
-83488182
-83455629
-83455080
-83432740
-83427779
-83423732
-83414562
-83411765
-83390712
-83380708
-83378755
-83369365
-83365787
-83343239
-83334393
-83324688
-83263186
-83242667
-83225135
-83221421
-83187037
-83185251
-83172048
-83132104
-83130462
-83087080
-83084105
-83051035
-83050873
-83031973
-83017647
-82988874
-82972471
-82965042
-82900136
-82872940
-82837981
-82832538
-82826934
-82815929
-82806583
-82794872
-82791782
-82771969
-82744606
-82724922
-82687859
-82656212
-82637587
-82610611
-82604360
-82594864
-82572551
-82566443
-82557815
-82553509
-82551378
-82529717
-82513168
-82504536
-82423016
-82407279
-82404963
-82352726
-82350276
-82319232
-82289030
-82199404
-82191468
-82175622
-82161131
-82150916
-82137959
-82136270
-82120034
-82115546
-82093881
-82081598
-82070248
-82041526
-82012069
-82004052
-81992998
-81977466
-81977166
-81968094
-81934277
-81904141
-81899160
-81827570
-81807588
-81780161
-81772424
-81771173
-81770519
-81758780
-81753685
-81747455
-81735996
-81727391
-81699869
-81692061
-81665029
-81617545
-81609509
-81605249
-81598973
-81595881
-81582286
-81573800
-81542268
-81495341
-81490839
-81476709
-81476584
-81423078
-81412747
-81411854
-81410359
-81332040
-81305272
-81298152
-81290256
-81245472
-81243936
-81216475
-81215419
-81166469
-81159293
-81111815
-81107022
-81103615
-81096904
-81091899
-81088376
-81020524
-81020259
-80976474
-80953155
-80919613
-80870273
-80848240
-80820651
-80817800
-80782672
-80779880
-80756858
-80755693
-80733181
-80715057
-80701322
-80661396
-80624845
-80618851
-80592428
-80569267
-80514859
-80471245
-80456305
-80441821
-80439952
-80392961
-80383360
-80375586
-80316505
-80314715
-80287495
-80269199
-80243713
-80203807
-80200694
-80114047
-80089497
-80002220
-79984973
-79912245
-79907829
-79902800
-79882523
-79862412
-79853589
-79827620
-79813921
-79795245
-79780800
-79765297
-79758381
-79743103
-79724750
-79706775
-79689276
-79617164
-79556918
-79521835
-79504606
-79471797
-79451635
-79445025
-79442281
-79435272
-79414348
-79403688
-79375064
-79356134
-79356085
-79323048
-79318026
-79303787
-79288848
-79287535
-79264548
-79212358
-79209945
-79175172
-79139380
-79087014
-79066961
-79017873
-78990912
-78979475
-78917346
-78903444
-78890652
-78887594
-78855855
-78850043
-78836318
-78830855
-78822239
-78822206
-78814363
-78811989
-78797494
-78770043
-78749433
-78737332
-78711042
-78684114
-78662277
-78656228
-78624573
-78620139
-78609316
-78603931
-78599332
-78585196
-78560976
-78530540
-78529372
-78522253
-78493379
-78488483
-78480692
-78472334
-78455675
-78423601
-78392636
-78379435
-78358251
-78351354
-78337866
-78308742
-78303366
-78277323
-78264436
-78228460
-78200251
-78183854
-78158180
-78143254
-78016569
-77996944
-77996833
-77983721
-77974784
-77968803
-77961921
-77960509
-77948989
-77928108
-77883078
-77869737
-77860254
-77830030
-77825476
-77800240
-77784767
-77742700
-77715069
-77702128
-77674547
-77671438
-77663680
-77653339
-77651525
-77587372
-77572404
-77567136
-77555967
-77537646
-77536107
-77529768
-77512026
-77498550
-77497117
-77483580
-77447568
-77444327
-77431676
-77387852
-77386678
-77352725
-77347118
-77343982
-77342618
-77323918
-77308801
-77299858
-77291660
-77261650
-77252187
-77224775
-77164906
-77160124
-77150471
-77145063
-77138862
-77093198
-77081499
-77064485
-77042095
-77035502
-77025532
-77006961
-76973610
-76946848
-76932932
-76930877
-76922945
-76854590
-76852611
-76817043
-76808393
-76802735
-76781255
-76769716
-76744845
-76689174
-76686171
-76654183
-76646030
-76599557
-76575524
-76560655
-76533581
-76531683
-76506648
-76502135
-76476688
-76472732
-76387576
-76370074
-76336964
-76307181
-76234900
-76226938
-76124817
-76122889
-76121503
-76108204
-76092704
-76075557
-76041062
-76025146
-75984378
-75949161
-75939537
-75921393
-75856303
-75816780
-75714136
-75673619
-75673197
-75661663
-75581614
-75570808
-75562803
-75541758
-75467718
-75433813
-75384916
-75355442
-75335449
-75328272
-75322470
-75254431
-75249999
-75249506
-75165110
-75163436
-75153487
-75118397
-75112964
-75091791
-75069186
-75069094
-75065405
-75048154
-75046985
-75028102
-75004970
-74995836
-74974964
-74972432
-74962175
-74962099
-74939760
-74861152
-74852353
-74825058
-74812533
-74808022
-74790243
-74727936
-74721508
-74674413
-74670055
-74668966
-74667944
-74659369
-74620676
-74614031
-74578014
-74577423
-74538567
-74520249
-74508902
-74504077
-74472185
-74455383
-74446360
-74440586
-74404054
-74355201
-74354314
-74323000
-74317374
-74273729
-74272686
-74259661
-74251584
-74219866
-74178232
-74118946
-74095990
-73994331
-73992463
-73985231
-73920220
-73890824
-73886092
-73875257
-73858258
-73851637
-73807975
-73796500
-73767768
-73752935
-73727671
-73703798
-73688913
-73612214
-73598360
-73586951
-73575234
-73566249
-73497563
-73493802
-73480314
-73469883
-73462430
-73458681
-73448081
-73394719
-73370731
-73365625
-73324059
-73274672
-73249338
-73177458
-73136024
-73130714
-73128621
-73093692
-73059601
-73046837
-73043105
-73036081
-73018492
-73004171
-72994746
-72929200
-72902108
-72898957
-72839899
-72836067
-72824075
-72816237
-72780342
-72753614
-72709639
-72681140
-72667592
-72648682
-72643912
-72633927
-72614939
-72585340
-72558318
-72551960
-72525807
-72523430
-72520796
-72509847
-72482930
-72446684
-72446360
-72445417
-72442327
-72408557
-72400371
-72353610
-72316245
-72288532
-72274091
-72262456
-72226725
-72225934
-72183448
-72170144
-72153093
-72151092
-72107078
-72081088
-72047921
-72045830
-72021951
-71993350
-71965243
-71957551
-71948721
-71947040
-71923667
-71897519
-71889556
-71879026
-71877500
-71860216
-71845983
-71830273
-71826139
-71825643
-71820994
-71805363
-71774930
-71751152
-71739204
-71714674
-71714210
-71704918
-71702449
-71699636
-71697871
-71685259
-71682918
-71658656
-71642566
-71633663
-71603361
-71595730
-71595434
-71588570
-71568163
-71531216
-71522825
-71480497
-71432744
-71427595
-71415088
-71354709
-71351399
-71347529
-71332224
-71330174
-71285367
-71265429
-71264537
-71260420
-71234818
-71232563
-71218578
-71209642
-71183733
-71141209
-71128808
-71114531
-71111219
-71107485
-71051499
-71043749
-70979016
-70961670
-70956726
-70954892
-70942471
-70918098
-70916699
-70857748
-70850346
-70822314
-70793464
-70790318
-70737489
-70731318
-70708331
-70702113
-70659813
-70658907
-70612602
-70602085
-70586582
-70572382
-70566637
-70537742
-70525488
-70520414
-70488834
-70458107
-70444181
-70385247
-70329861
-70314891
-70312502
-70295736
-70289508
-70287563
-70267949
-70231042
-70215969
-70202047
-70180556
-70169506
-70162204
-70157452
-70142986
-70140407
-70077650
-70074458
-70067942
-70051009
-70040655
-70001099
-69995050
-69976623
-69964341
-69958414
-69950814
-69916465
-69910834
-69904938
-69899245
-69898104
-69851092
-69839425
-69827170
-69818412
-69805530
-69794064
-69776832
-69753390
-69750962
-69746606
-69709930
-69694550
-69682573
-69660692
-69635816
-69627713
-69564501
-69560138
-69551464
-69520325
-69512630
-69490233
-69473939
-69454012
-69437053
-69431541
-69431201
-69393441
-69388399
-69361906
-69344065
-69343705
-69316212
-69286653
-69233207
-69220899
-69216887
-69180823
-69180062
-69177191
-69142173
-69127243
-69098959
-69089976
-69057523
-69022551
-69004659
-68990406
-68984158
-68978731
-68964602
-68953483
-68952680
-68935568
-68924448
-68886809
-68868257
-68857751
-68839456
-68805057
-68778538
-68773142
-68739164
-68735369
-68698979
-68664178
-68639557
-68592392
-68575093
-68547693
-68507013
-68504593
-68503919
-68486832
-68465134
-68442941
-68421304
-68396202
-68383715
-68328998
-68328184
-68291360
-68264748
-68259078
-68233267
-68228606
-68195631
-68156798
-68149180
-68141534
-68132453
-68131325
-68113550
-68091699
-68026659
-67998280
-67977561
-67972967
-67922906
-67888237
-67880614
-67871547
-67843698
-67837290
-67749524
-67743121
-67662107
-67644999
-67623894
-67619793
-67611797
-67588630
-67570586
-67528165
-67498601
-67488544
-67429853
-67428941
-67426451
-67371720
-67365781
-67349051
-67331805
-67324913
-67313914
-67294915
-67278098
-67261431
-67216543
-67209610
-67155634
-67132808
-67084400
-67082963
-67068199
-67060296
-67059997
-67050109
-67034012
-67010844
-67002017
-66991383
-66978890
-66963764
-66942033
-66926732
-66909718
-66900858
-66879392
-66873382
-66870923
-66868929
-66854260
-66845873
-66830209
-66828802
-66827585
-66808607
-66805614
-66788644
-66787154
-66781576
-66763088
-66762602
-66716163
-66715650
-66695010
-66689431
-66677493
-66665559
-66665476
-66658577
-66650318
-66616038
-66609648
-66604543
-66589948
-66560590
-66556758
-66549197
-66534573
-66500022
-66490303
-66459535
-66457878
-66419844
-66404908
-66345329
-66326959
-66320421
-66269732
-66267248
-66259020
-66235779
-66232114
-66190479
-66143395
-66121018
-66091277
-66066772
-66060686
-66057053
-66050182
-66012926
-66012804
-65893474
-65880236
-65800946
-65781566
-65760236
-65739849
-65739059
-65718914
-65714006
-65687461
-65684272
-65653015
-65643388
-65634016
-65610304
-65594430
-65520597
-65483940
-65454808
-65445012
-65396680
-65388124
-65369236
-65332876
-65299353
-65292835
-65265426
-65252481
-65221923
-65179484
-65164101
-65150967
-65149557
-65148058
-65146351
-65125910
-65031616
-64974234
-64973488
-64967628
-64960414
-64951073
-64913113
-64893695
-64885832
-64850035
-64835286
-64821850
-64799440
-64792666
-64770815
-64756899
-64718230
-64694535
-64647272
-64641689
-64635404
-64552253
-64526970
-64526898
-64516097
-64500391
-64494362
-64415297
-64398930
-64391670
-64368862
-64363967
-64359135
-64356701
-64349632
-64347827
-64331281
-64277018
-64271687
-64227178
-64206951
-64202721
-64197015
-64185663
-64167354
-64161023
-64153108
-64136604
-64131922
-64127654
-64089386
-64071296
-64026536
-64013813
-64013645
-64001177
-63985471
-63972975
-63972533
-63961743
-63931310
-63922059
-63907167
-63863730
-63860258
-63830258
-63799261
-63778846
-63768141
-63738000
-63735508
-63733626
-63731156
-63713286
-63691719
-63688799
-63621344
-63620158
-63589211
-63541932
-63490392
-63483709
-63455352
-63406157
-63380597
-63365867
-63359544
-63341506
-63324656
-63308553
-63296729
-63268197
-63266713
-63261896
-63221909
-63211150
-63198005
-63180799
-63117522
-63104194
-63096148
-63087984
-63086868
-63085836
-63076886
-63020014
-62978657
-62942020
-62911318
-62908344
-62849143
-62823971
-62792847
-62756805
-62729308
-62723111
-62708390
-62703047
-62681975
-62681893
-62675051
-62668296
-62658642
-62616594
-62615376
-62613321
-62591748
-62481301
-62475704
-62473703
-62391824
-62391812
-62376589
-62359776
-62345274
-62331778
-62321836
-62321181
-62304054
-62293672
-62269473
-62261800
-62257996
-62239818
-62228879
-62228409
-62191799
-62174682
-62125263
-62112937
-62095877
-62091667
-62025997
-62011343
-61976101
-61964434
-61953516
-61940865
-61900888
-61882402
-61828449
-61817885
-61813263
-61810424
-61787714
-61726169
-61723421
-61719269
-61709696
-61706696
-61700572
-61698511
-61676622
-61671714
-61666151
-61656017
-61642812
-61606735
-61588114
-61576271
-61561440
-61561245
-61555078
-61503419
-61386547
-61363020
-61362203
-61340286
-61335755
-61335648
-61289821
-61283617
-61259251
-61233609
-61229885
-61214986
-61145128
-61127169
-61098060
-61092247
-61089098
-61078894
-61078833
-61055096
-61029037
-61024248
-61014130
-60979823
-60975858
-60974884
-60941178
-60877328
-60870925
-60837944
-60832818
-60820341
-60820325
-60803473
-60780801
-60780312
-60780082
-60763228
-60759722
-60712487
-60695841
-60684444
-60665796
-60642442
-60621657
-60613450
-60592331
-60589655
-60577164
-60564060
-60537165
-60488402
-60448855
-60431682
-60430201
-60373993
-60308138
-60294186
-60286731
-60271342
-60252839
-60247492
-60246400
-60244766
-60227706
-60226650
-60225655
-60215834
-60212520
-60204978
-60140110
-60085447
-60079812
-60079488
-60070206
-60058356
-60052086
-60014958
-60010562
-59998207
-59991423
-59970100
-59965311
-59952833
-59912215
-59907814
-59843488
-59814351
-59805511
-59803016
-59802869
-59799330
-59771414
-59770755
-59730085
-59725547
-59694132
-59668593
-59654836
-59632441
-59590067
-59583152
-59579181
-59519811
-59503236
-59488320
-59456501
-59450117
-59439292
-59418651
-59400962
-59386821
-59383625
-59374579
-59320611
-59295817
-59286881
-59260574
-59251265
-59243511
-59236502
-59207054
-59165349
-59157737
-59112415
-59102654
-59098142
-59052720
-58987904
-58984505
-58861305
-58841512
-58784777
-58711761
-58685935
-58677253
-58673697
-58650595
-58608035
-58584505
-58579063
-58526973
-58516889
-58512425
-58486066
-58480463
-58456171
-58431502
-58417101
-58409413
-58398022
-58387316
-58360703
-58353352
-58314541
-58313348
-58213372
-58171514
-58149287
-58132125
-58119540
-58099545
-58092978
-58062249
-58029484
-58020910
-57999054
-57949583
-57947037
-57924349
-57918244
-57885786
-57859311
-57856513
-57851856
-57808689
-57806872
-57800046
-57788386
-57785583
-57760895
-57759768
-57758771
-57727924
-57715600
-57701749
-57688901
-57685859
-57663184
-57656873
-57647576
-57644930
-57628945
-57624402
-57608262
-57603984
-57563524
-57547862
-57545805
-57508553
-57505831
-57492267
-57467810
-57463378
-57457099
-57448531
-57447346
-57443477
-57396511
-57354606
-57337231
-57331155
-57323062
-57322169
-57319174
-57318668
-57317429
-57316242
-57305240
-57285977
-57262594
-57226978
-57206710
-57203008
-57172057
-57096178
-57087666
-57086105
-57060195
-57005989
-56977418
-56967162
-56943099
-56849056
-56848660
-56847800
-56840055
-56814219
-56801674
-56800556
-56787852
-56782014
-56741672
-56675325
-56674203
-56666876
-56641412
-56627998
-56620934
-56595224
-56579746
-56578127
-56545579
-56541953
-56533456
-56518867
-56507507
-56487157
-56443440
-56435612
-56429669
-56409441
-56393566
-56358405
-56330215
-56324824
-56273904
-56264811
-56252110
-56176827
-56142067
-56091463
-56090200
-56085652
-56071286
-56070131
-56044627
-56031028
-56028786
-56015624
-56011549
-55986098
-55975206
-55970960
-55963911
-55958234
-55931195
-55918576
-55857709
-55835407
-55815193
-55814934
-55808762
-55783544
-55755544
-55724193
-55692463
-55664459
-55626356
-55604860
-55603222
-55597431
-55582032
-55569469
-55550554
-55546197
-55520697
-55491342
-55454960
-55435212
-55400987
-55355024
-55263415
-55257086
-55252916
-55250883
-55220797
-55218521
-55189162
-55186358
-55171974
-55125026
-55118842
-55104277
-55099458
-55089691
-55084877
-55083664
-55076470
-55045600
-55033585
-54978428
-54945766
-54941302
-54918859
-54914956
-54904073
-54897837
-54891908
-54870729
-54847349
-54826447
-54820776
-54820759
-54768634
-54739832
-54685936
-54676567
-54667069
-54634507
-54628291
-54573107
-54568549
-54545970
-54510799
-54510490
-54484559
-54431733
-54401015
-54393525
-54384792
-54381587
-54374415
-54361607
-54334063
-54287492
-54262259
-54209866
-54186696
-54136904
-54119066
-54082983
-54035686
-54035155
-54017138
-53921892
-53920858
-53902729
-53873311
-53840730
-53820707
-53819843
-53783478
-53771006
-53762469
-53753549
-53738688
-53697138
-53667001
-53648471
-53633366
-53621201
-53615813
-53542976
-53539951
-53532392
-53460433
-53459490
-53446889
-53420774
-53379887
-53334393
-53291091
-53261317
-53240318
-53229472
-53202171
-53197591
-53195066
-53148857
-53145661
-53088561
-53072706
-53055873
-52987897
-52980365
-52968900
-52950460
-52920739
-52917615
-52916519
-52897440
-52865597
-52830669
-52820164
-52819066
-52795715
-52789310
-52770233
-52760467
-52727111
-52716931
-52694774
-52643692
-52635983
-52606685
-52549029
-52488818
-52463335
-52441968
-52439905
-52437681
-52429194
-52427077
-52396722
-52393475
-52375828
-52364521
-52341926
-52313788
-52307442
-52219659
-52209500
-52170858
-52166330
-52157837
-52122522
-52120066
-52026395
-51996250
-51982629
-51971783
-51942265
-51938738
-51893429
-51893176
-51891524
-51847219
-51832887
-51826452
-51801560
-51790991
-51749815
-51734963
-51729107
-51699646
-51689419
-51686374
-51666624
-51651109
-51644685
-51617835
-51602731
-51600812
-51599393
-51597492
-51560586
-51549436
-51523591
-51510670
-51509565
-51491554
-51483361
-51401028
-51378907
-51325069
-51324817
-51315152
-51303194
-51298312
-51297012
-51273149
-51176147
-51128740
-51110444
-51076419
-51062679
-51055816
-51055750
-51049136
-51044467
-51022216
-51012747
-50967807
-50962903
-50951010
-50941553
-50937153
-50935196
-50932284
-50929743
-50927316
-50925355
-50924129
-50850358
-50837817
-50804764
-50801161
-50800897
-50756798
-50751457
-50712341
-50698991
-50693663
-50674418
-50670894
-50660276
-50619648
-50584914
-50582343
-50563900
-50534529
-50528493
-50508884
-50474477
-50434798
-50430859
-50373586
-50292000
-50279861
-50265332
-50240032
-50232229
-50205712
-50192157
-50130725
-50126097
-50116007
-50106949
-50085024
-50082702
-50072251
-50066042
-50039917
-50025670
-50022564
-50008667
-49998307
-49962596
-49918631
-49896436
-49891047
-49890435
-49870113
-49867342
-49866133
-49865740
-49854739
-49851152
-49795112
-49767560
-49726343
-49723143
-49709756
-49699795
-49690145
-49688246
-49666209
-49663401
-49640403
-49607936
-49591513
-49582438
-49561224
-49538699
-49537133
-49535885
-49494766
-49489060
-49474441
-49431248
-49407682
-49339029
-49338807
-49326351
-49322948
-49318331
-49297960
-49280532
-49277126
-49275245
-49257777
-49174706
-49171278
-49168897
-49130532
-49128143
-49117095
-49115026
-49107437
-49105104
-49001860
-49000929
-48977871
-48964940
-48955528
-48937513
-48911261
-48904277
-48875955
-48864868
-48834853
-48827702
-48825256
-48801640
-48796980
-48790612
-48764879
-48754178
-48742081
-48680133
-48675999
-48651401
-48650462
-48619533
-48597011
-48575729
-48569092
-48556401
-48519966
-48512511
-48508487
-48503178
-48460237
-48441326
-48416433
-48408289
-48380945
-48369305
-48369139
-48355970
-48329754
-48303096
-48272738
-48256027
-48244689
-48230258
-48201365
-48172512
-48156094
-48136898
-48101518
-48095322
-48093506
-48073988
-48060675
-48056509
-48046178
-48023789
-47998023
-47993369
-47949004
-47943199
-47926691
-47908850
-47877758
-47869309
-47861394
-47834227
-47810986
-47808904
-47807495
-47793280
-47786243
-47772905
-47769199
-47676177
-47643204
-47624085
-47612441
-47579251
-47578820
-47499982
-47489041
-47488375
-47481178
-47442577
-47427726
-47391967
-47356687
-47341530
-47325196
-47287326
-47283734
-47277685
-47209176
-47186339
-47183043
-47178940
-47150881
-47127547
-47126522
-47123448
-47120184
-47071145
-47051420
-47015450
-47005133
-47004980
-46996850
-46985829
-46983559
-46947484
-46930080
-46924866
-46916038
-46904756
-46903172
-46885708
-46860834
-46830026
-46823864
-46811577
-46808941
-46801291
-46772732
-46760532
-46724113
-46718403
-46684390
-46648143
-46648142
-46635576
-46628000
-46613198
-46597284
-46590624
-46552687
-46526118
-46523021
-46485526
-46483224
-46466489
-46453416
-46438801
-46410645
-46365911
-46349304
-46300031
-46294316
-46285376
-46278699
-46244697
-46132342
-46128492
-46123359
-46122364
-46115852
-46114326
-46099074
-46047949
-46039010
-46035996
-46018933
-46013667
-45984653
-45980278
-45955556
-45927846
-45898686
-45808580
-45804003
-45792217
-45790593
-45756772
-45747512
-45723446
-45703305
-45659583
-45644631
-45616775
-45597079
-45580259
-45504801
-45500694
-45486348
-45476315
-45467887
-45407931
-45397526
-45381390
-45372238
-45338042
-45332747
-45305685
-45296421
-45270118
-45268909
-45246579
-45216579
-45185907
-45178039
-45154878
-45140054
-45129327
-45126612
-45063645
-45011995
-44980233
-44963599
-44920129
-44915839
-44914621
-44902694
-44888840
-44832353
-44809721
-44755753
-44746754
-44694173
-44683535
-44680001
-44658358
-44615757
-44601284
-44564293
-44533017
-44507301
-44499378
-44479739
-44450073
-44436430
-44430366
-44404662
-44391868
-44359640
-44348391
-44337064
-44325165
-44305752
-44292427
-44291944
-44275307
-44273273
-44271161
-44268311
-44248058
-44235578
-44177704
-44161643
-44154967
-44152122
-44101707
-44087634
-44079034
-44064443
-44056159
-44040301
-43970137
-43948680
-43943458
-43942938
-43909718
-43907304
-43860267
-43824989
-43756008
-43753732
-43736456
-43698432
-43692361
-43674980
-43670182
-43643326
-43598827
-43591278
-43541067
-43512296
-43509036
-43446844
-43441225
-43362815
-43319692
-43317926
-43317580
-43301888
-43275377
-43263677
-43234115
-43215957
-43213036
-43202970
-43201158
-43195913
-43191482
-43182814
-43167496
-43166383
-43166202
-43163727
-43153251
-43120390
-43110036
-43096436
-43084871
-43063499
-42963245
-42937657
-42914517
-42910868
-42853545
-42850088
-42831462
-42820104
-42809041
-42802935
-42785324
-42723456
-42694049
-42680678
-42675195
-42657220
-42640531
-42611555
-42605519
-42604012
-42595301
-42558667
-42545715
-42527201
-42525638
-42497837
-42487464
-42460166
-42460146
-42458988
-42415887
-42413087
-42391803
-42389188
-42357392
-42344141
-42337574
-42324207
-42311152
-42290421
-42285702
-42278963
-42262764
-42258249
-42250657
-42232608
-42207803
-42170934
-42152093
-42133800
-42128254
-42118796
-42103506
-42101430
-42065508
-42057518
-42045797
-42042790
-42041214
-42025126
-42020683
-41996222
-41964618
-41916304
-41901349
-41898812
-41878370
-41855480
-41802820
-41801286
-41796017
-41793467
-41786546
-41772710
-41758628
-41634919
-41591370
-41584919
-41584163
-41503583
-41492588
-41470701
-41452798
-41413202
-41385254
-41382388
-41381234
-41368656
-41352642
-41342283
-41306101
-41283595
-41279372
-41278102
-41276058
-41268087
-41267366
-41260622
-41242031
-41225636
-41202874
-41196347
-41178182
-41124925
-41124819
-41116333
-41098872
-41075046
-41058310
-41038549
-41023823
-41007024
-40969151
-40943659
-40940697
-40930688
-40921682
-40909298
-40821592
-40766831
-40757612
-40747864
-40738363
-40723667
-40701132
-40691530
-40680447
-40672208
-40619194
-40567967
-40559830
-40556486
-40548334
-40483780
-40468284
-40391435
-40374848
-40365949
-40306939
-40302027
-40293892
-40286428
-40211926
-40210378
-40201123
-40187541
-40187209
-40158631
-40113292
-40100984
-40090609
-40088084
-40067550
-40038706
-40023660
-40018005
-40001396
-39970143
-39955136
-39950053
-39947406
-39931141
-39908129
-39899709
-39899146
-39805838
-39766075
-39728754
-39727487
-39693361
-39682121
-39678431
-39672819
-39632064
-39629920
-39595074
-39593618
-39590000
-39578661
-39538714
-39525363
-39483460
-39472390
-39458380
-39422990
-39411285
-39405315
-39400387
-39368738
-39367692
-39342956
-39331069
-39326198
-39305884
-39291601
-39256194
-39249166
-39225654
-39204411
-39194681
-39181320
-39166169
-39155641
-39146305
-39141633
-39117540
-39106103
-39090030
-39084550
-39074210
-39054366
-39042737
-39022729
-39021771
-38983861
-38955082
-38917434
-38884752
-38870012
-38851685
-38844534
-38843690
-38839540
-38816747
-38807511
-38794172
-38791985
-38757486
-38751593
-38749773
-38695472
-38652074
-38625275
-38614837
-38569565
-38569212
-38567503
-38554532
-38525655
-38513821
-38456780
-38450579
-38433841
-38421692
-38404150
-38392685
-38377805
-38354420
-38338664
-38328528
-38325051
-38300600
-38281172
-38268164
-38265572
-38247871
-38241976
-38168030
-38131199
-38129470
-38120228
-38107313
-38092434
-38081945
-38059672
-38056140
-38052809
-38045746
-38024962
-38012025
-38010538
-37965068
-37950042
-37942270
-37880913
-37875843
-37850549
-37839223
-37833704
-37787793
-37782987
-37779277
-37758017
-37742192
-37722995
-37718975
-37716505
-37646169
-37642172
-37621596
-37567351
-37488781
-37470125
-37420686
-37402801
-37400154
-37393686
-37357649
-37339610
-37312545
-37171142
-37147563
-37092472
-37082038
-37074714
-36985530
-36968789
-36918001
-36874615
-36860272
-36857773
-36852512
-36829176
-36820115
-36807494
-36788126
-36766611
-36749712
-36737689
-36704804
-36698350
-36693165
-36690568
-36684525
-36680320
-36666540
-36665639
-36646489
-36646460
-36629065
-36562954
-36557698
-36554836
-36496309
-36488048
-36469367
-36467559
-36460673
-36435212
-36420984
-36408799
-36402371
-36393498
-36393041
-36370393
-36364852
-36363327
-36358994
-36300384
-36292529
-36291428
-36201918
-36165901
-36151134
-36106127
-36085428
-36077444
-36073413
-36029666
-36020452
-35928793
-35927819
-35864292
-35799198
-35787428
-35781678
-35777078
-35768644
-35738210
-35715777
-35666657
-35665501
-35645595
-35631330
-35619102
-35586157
-35532742
-35524474
-35504599
-35501172
-35488523
-35458057
-35454063
-35395577
-35395515
-35395301
-35395265
-35394012
-35377233
-35364909
-35336037
-35316281
-35310714
-35270243
-35261480
-35241467
-35228706
-35210954
-35200838
-35197987
-35168051
-35167562
-35140509
-35134426
-35067995
-35046733
-35045359
-35027338
-35019270
-35012506
-35008815
-35007872
-34978484
-34971612
-34969327
-34953355
-34935995
-34921834
-34906435
-34841061
-34815078
-34804662
-34794019
-34792952
-34760419
-34734351
-34733500
-34733269
-34720268
-34684436
-34673296
-34670492
-34665291
-34632485
-34602035
-34597687
-34583077
-34560022
-34540210
-34533306
-34475549
-34463446
-34435895
-34406204
-34386808
-34370319
-34356514
-34320523
-34303314
-34296064
-34292447
-34292015
-34282296
-34260593
-34248745
-34191000
-34181006
-34168538
-34130134
-34120341
-34082069
-34065764
-34049669
-34037331
-34022241
-33973940
-33934656
-33928260
-33874463
-33840888
-33816369
-33782408
-33715298
-33705267
-33660685
-33601989
-33574873
-33501259
-33476776
-33432904
-33351028
-33346382
-33307697
-33286340
-33239624
-33230038
-33187549
-33180150
-33173021
-33169099
-33146176
-33139126
-33131948
-33118093
-33115641
-33085188
-33083695
-33081197
-33069155
-33058573
-33052512
-33050918
-33014041
-33005091
-32983761
-32960199
-32940170
-32911910
-32906992
-32886920
-32870395
-32866119
-32854275
-32846079
-32833692
-32831936
-32809421
-32795593
-32790712
-32773880
-32773703
-32755480
-32753161
-32746353
-32734109
-32725503
-32719452
-32702247
-32675532
-32637686
-32623762
-32609656
-32605238
-32576636
-32574554
-32549622
-32540207
-32532433
-32528943
-32483053
-32475046
-32419829
-32381466
-32378945
-32358330
-32346163
-32344444
-32326529
-32324776
-32299249
-32265073
-32245994
-32160144
-32149896
-32134333
-32111746
-32093833
-32089263
-32074754
-32064630
-32008229
-31996923
-31980929
-31972681
-31939546
-31933608
-31929648
-31918427
-31905367
-31857296
-31828958
-31817817
-31816804
-31814710
-31814482
-31799219
-31781081
-31755734
-31738686
-31646192
-31643929
-31635384
-31627168
-31605097
-31583002
-31567100
-31552361
-31548390
-31543869
-31542724
-31515304
-31505380
-31502946
-31502047
-31495400
-31451544
-31444041
-31441366
-31415440
-31400930
-31395002
-31393202
-31389210
-31371427
-31293162
-31262286
-31241433
-31232980
-31229527
-31225435
-31211955
-31126393
-31109960
-31102229
-31077980
-30987183
-30983481
-30901991
-30814758
-30760698
-30742774
-30720946
-30716074
-30703375
-30677028
-30666527
-30634618
-30631549
-30618216
-30581779
-30547554
-30530663
-30486858
-30460042
-30454448
-30454404
-30449974
-30445726
-30416860
-30410042
-30402103
-30398689
-30380544
-30380417
-30378494
-30359838
-30352835
-30346863
-30346136
-30237227
-30227694
-30220606
-30214881
-30209184
-30174823
-30159404
-30152624
-30148956
-30144843
-30140323
-30130362
-30117636
-30091474
-30081058
-30044595
-30043492
-30026184
-30009988
-29990598
-29952418
-29940182
-29936339
-29930906
-29926147
-29891560
-29864331
-29839461
-29834850
-29815752
-29807067
-29789531
-29788892
-29777138
-29676970
-29647323
-29640833
-29635761
-29633219
-29617835
-29564248
-29541610
-29538122
-29533706
-29530707
-29527470
-29520100
-29459808
-29411299
-29411047
-29390061
-29368901
-29368312
-29285118
-29252260
-29226654
-29220774
-29206286
-29185985
-29160621
-29129274
-29125817
-29118996
-29096792
-29096408
-29023174
-28980685
-28955910
-28939741
-28875447
-28849656
-28843359
-28802907
-28796313
-28792505
-28699886
-28680672
-28657215
-28642380
-28613445
-28606377
-28582481
-28570872
-28561422
-28555894
-28525281
-28500504
-28490526
-28469545
-28440167
-28373372
-28371610
-28355089
-28353213
-28337176
-28329424
-28273279
-28211196
-28186352
-28184412
-28131833
-28121206
-28084817
-28083930
-28076029
-28073821
-28025564
-28019596
-27894642
-27893983
-27876206
-27839685
-27755292
-27649988
-27641696
-27616199
-27584683
-27584522
-27560847
-27556599
-27555303
-27544250
-27522778
-27517468
-27516997
-27513441
-27499112
-27496650
-27488858
-27456822
-27451920
-27442336
-27408503
-27397980
-27362280
-27352792
-27336517
-27305212
-27301978
-27283319
-27267385
-27267203
-27239653
-27234294
-27213713
-27210880
-27196593
-27174550
-27155468
-27151843
-27138392
-27127811
-27126219
-27114128
-27076867
-27065169
-27054372
-26991282
-26988640
-26978294
-26945201
-26933096
-26925035
-26917870
-26874774
-26860572
-26833125
-26820143
-26776778
-26767003
-26759926
-26659071
-26648380
-26624307
-26590537
-26571253
-26553924
-26543490
-26494955
-26489947
-26487179
-26406003
-26369656
-26356169
-26345208
-26308990
-26225540
-26175440
-26165016
-26160963
-26160457
-26157569
-26136220
-26126915
-26107291
-26101776
-26076767
-26073056
-25973554
-25969061
-25954703
-25952959
-25945585
-25936518
-25898069
-25892941
-25821540
-25813163
-25772180
-25749396
-25745178
-25720452
-25673979
-25641574
-25640702
-25605659
-25583344
-25570547
-25566358
-25540545
-25512298
-25425157
-25391539
-25389192
-25340425
-25336042
-25308442
-25304054
-25261585
-25259980
-25258451
-25256784
-25250746
-25190596
-25124460
-25115075
-25081448
-25079636
-25078419
-25065681
-25024207
-25020635
-24931552
-24908293
-24907285
-24903700
-24895632
-24855978
-24850669
-24820539
-24817252
-24796230
-24779033
-24758929
-24748157
-24739252
-24736706
-24728452
-24723516
-24711834
-24706653
-24705990
-24668479
-24644331
-24609737
-24606494
-24601470
-24552920
-24525115
-24505291
-24503024
-24489170
-24487502
-24476865
-24456100
-24383253
-24375537
-24363402
-24346944
-24332475
-24318590
-24284811
-24275155
-24264854
-24263797
-24189796
-24189320
-24156731
-24135014
-24109645
-24101954
-24087928
-24079648
-24060458
-24018333
-24013408
-24005629
-23997582
-23983933
-23973219
-23956286
-23931940
-23888465
-23868269
-23822525
-23691240
-23685332
-23684383
-23682863
-23667241
-23662088
-23610950
-23602009
-23583016
-23553349
-23517296
-23508079
-23502616
-23497586
-23425748
-23424222
-23399059
-23360675
-23340099
-23337524
-23332842
-23328959
-23326629
-23290626
-23283390
-23280367
-23263381
-23249921
-23249419
-23229412
-23202461
-23173062
-23166911
-23165755
-23156873
-23154552
-23148781
-23121396
-23098930
-23086944
-23055494
-23042796
-23027091
-23018279
-23015483
-23008000
-23000318
-22982322
-22979256
-22939235
-22928596
-22923563
-22913410
-22907634
-22868509
-22848777
-22821708
-22807360
-22765773
-22735277
-22730649
-22694501
-22672251
-22644412
-22641993
-22635298
-22604618
-22590276
-22582937
-22578325
-22542955
-22531560
-22519052
-22434846
-22412364
-22393142
-22383654
-22376131
-22374939
-22366325
-22351393
-22313251
-22289969
-22271865
-22262039
-22260728
-22258610
-22248305
-22234319
-22229763
-22228232
-22213143
-22201527
-22158158
-22142782
-22142193
-22112772
-22103907
-22048865
-21972369
-21930339
-21907968
-21899033
-21883223
-21820491
-21776257
-21760185
-21738664
-21729950
-21728042
-21693502
-21686411
-21675190
-21661494
-21637902
-21633006
-21608664
-21592654
-21592498
-21559274
-21531576
-21531338
-21390346
-21385391
-21352734
-21351586
-21344729
-21306513
-21234716
-21218189
-21185779
-21168653
-21153273
-21078861
-21024431
-20949737
-20897283
-20895245
-20895031
-20894420
-20864400
-20819077
-20804744
-20786162
-20747796
-20732181
-20728623
-20725182
-20716617
-20686065
-20680222
-20670197
-20658836
-20645653
-20628965
-20621951
-20568756
-20566249
-20566172
-20557590
-20518403
-20497663
-20488254
-20467506
-20447227
-20398020
-20373965
-20367213
-20363631
-20357336
-20335535
-20324898
-20309843
-20282797
-20239672
-20231981
-20227303
-20215270
-20197883
-20182719
-20176160
-20153464
-20143091
-20140967
-20121891
-20088888
-20079384
-20063796
-20031087
-20021455
-20005695
-20000258
-19987139
-19914575
-19893730
-19851662
-19813266
-19811300
-19777910
-19765997
-19758824
-19679274
-19673123
-19623288
-19602272
-19590459
-19581568
-19555399
-19528027
-19523698
-19512121
-19501528
-19477848
-19474101
-19455000
-19424637
-19404878
-19404197
-19402036
-19387619
-19370034
-19369219
-19361343
-19319610
-19310441
-19306121
-19303412
-19300848
-19277048
-19190220
-19144056
-19143599
-19123236
-19103662
-19070274
-19051744
-19016469
-18985779
-18947591
-18937935
-18922028
-18918356
-18903216
-18884168
-18840148
-18771618
-18711563
-18705661
-18699839
-18660396
-18623647
-18610567
-18608582
-18598923
-18591974
-18521917
-18518769
-18513304
-18486240
-18481334
-18480123
-18458449
-18432644
-18415649
-18404570
-18384528
-18345598
-18334569
-18331916
-18320827
-18313329
-18297461
-18296738
-18285464
-18248033
-18243538
-18215115
-18206047
-18157229
-18127354
-18110149
-18109049
-18087025
-18057558
-18021905
-18020840
-17997872
-17969347
-17956960
-17942076
-17912799
-17905952
-17905780
-17899256
-17878477
-17876463
-17841625
-17830221
-17821833
-17808150
-17801179
-17791553
-17761318
-17747651
-17741886
-17735871
-17708683
-17693065
-17679174
-17677436
-17660450
-17653102
-17651441
-17620262
-17590555
-17569003
-17565170
-17564930
-17549685
-17545727
-17523937
-17509402
-17486888
-17474056
-17449939
-17407265
-17361734
-17359159
-17357159
-17329649
-17302543
-17272157
-17260159
-17246453
-17243503
-17231283
-17229878
-17226774
-17209675
-17202905
-17184743
-17136060
-17129024
-17090183
-17088883
-17082817
-17007537
-17003676
-17003188
-16994799
-16955461
-16938451
-16822756
-16803622
-16782966
-16782621
-16773887
-16766812
-16738744
-16711491
-16689957
-16679304
-16653454
-16635958
-16620220
-16619300
-16599310
-16598823
-16581571
-16567464
-16563055
-16562456
-16545620
-16543190
-16532259
-16528219
-16484059
-16383913
-16308913
-16241811
-16241497
-16236273
-16174851
-16168818
-16125245
-16124833
-16119567
-16117504
-16092063
-16084615
-16059199
-16018810
-15984753
-15966702
-15936069
-15930189
-15875635
-15848973
-15780965
-15771695
-15771169
-15770748
-15762670
-15750668
-15734657
-15731039
-15722015
-15693022
-15622273
-15605839
-15583954
-15525298
-15516556
-15497154
-15451799
-15438739
-15420777
-15400013
-15385126
-15359352
-15349990
-15283810
-15255489
-15248599
-15246188
-15243597
-15243369
-15243056
-15232803
-15175498
-15174126
-15172273
-15138927
-15135748
-15131694
-15128244
-15125649
-15124580
-15121957
-15057844
-15037081
-15030049
-15027161
-15013705
-15000497
-14942624
-14926886
-14925030
-14894798
-14872719
-14854326
-14852796
-14830977
-14776657
-14775612
-14768508
-14754328
-14741911
-14715950
-14672425
-14618791
-14609205
-14596798
-14531981
-14520461
-14519137
-14515992
-14483748
-14420901
-14415236
-14413054
-14397358
-14375039
-14365361
-14347513
-14341858
-14293081
-14276768
-14262260
-14252098
-14239517
-14225221
-14220223
-14187181
-14176310
-14172489
-14161252
-14149342
-14079579
-14071689
-14066037
-14062567
-14002119
-13995587
-13972645
-13967934
-13933695
-13921530
-13919323
-13872470
-13869170
-13837162
-13821706
-13809309
-13773419
-13760066
-13751323
-13747738
-13694132
-13642052
-13617382
-13615571
-13586008
-13583590
-13514794
-13498886
-13444535
-13441077
-13429445
-13422999
-13388140
-13374862
-13318222
-13312469
-13311740
-13292987
-13269574
-13219440
-13206398
-13197390
-13184129
-13175857
-13104030
-13090625
-13085914
-13069046
-13056801
-13013938
-13004394
-12998417
-12971003
-12968875
-12959683
-12920914
-12917603
-12908287
-12896822
-12896016
-12856937
-12806480
-12805177
-12775233
-12759083
-12746170
-12734307
-12716993
-12674502
-12669051
-12654745
-12645882
-12586431
-12552554
-12541266
-12533401
-12522532
-12514829
-12483001
-12478265
-12462243
-12434003
-12433579
-12414081
-12409915
-12358234
-12345515
-12281609
-12227862
-12215806
-12213657
-12178512
-12140548
-12132768
-12082372
-12033226
-12031335
-12002155
-11998600
-11992489
-11990632
-11954336
-11953704
-11888632
-11796551
-11792290
-11789552
-11788495
-11756918
-11747336
-11731214
-11715134
-11688701
-11684796
-11643140
-11607795
-11588888
-11572016
-11566841
-11536362
-11518167
-11490613
-11488308
-11482068
-11476842
-11423117
-11373502
-11371373
-11366361
-11341943
-11337491
-11334512
-11304943
-11293216
-11254173
-11253115
-11240054
-11238177
-11192273
-11177995
-11164692
-11159269
-11137037
-11120666
-11120131
-11088859
-11055401
-11052974
-11050628
-11046727
-11039680
-11031999
-11014493
-10977320
-10966051
-10947261
-10928488
-10923825
-10901090
-10896788
-10837552
-10830282
-10821682
-10820503
-10793343
-10781753
-10751524
-10718982
-10674925
-10658998
-10654220
-10638589
-10629242
-10568263
-10567017
-10525950
-10493973
-10484512
-10482211
-10471375
-10463582
-10459804
-10459656
-10456153
-10445303
-10440260
-10427514
-10416275
-10317013
-10311958
-10290426
-10278703
-10265059
-10249016
-10218254
-10216826
-10215276
-10213229
-10193457
-10176194
-10172977
-10153999
-10143877
-10137222
-10134931
-10100447
-10084751
-10066240
-10037663
-10012058
-10007331
-9995168
-9949595
-9931628
-9858374
-9851711
-9843885
-9836874
-9822779
-9775420
-9765563
-9735337
-9730731
-9632791
-9630735
-9538070
-9518632
-9518377
-9480053
-9463834
-9442326
-9375714
-9361249
-9319392
-9316899
-9315837
-9293947
-9290170
-9277061
-9267774
-9261994
-9259444
-9237727
-9188840
-9172337
-9164500
-9137390
-9124663
-9120888
-9107221
-9099764
-9046651
-9045507
-9042019
-9027496
-9006354
-8998608
-8982129
-8965008
-8960738
-8957316
-8885555
-8882413
-8876973
-8850798
-8813624
-8811112
-8799404
-8785177
-8747101
-8662801
-8662455
-8657183
-8639871
-8634013
-8609396
-8593625
-8562478
-8548898
-8534327
-8508565
-8498252
-8493557
-8453225
-8434690
-8419978
-8413177
-8400150
-8399712
-8399618
-8353017
-8346059
-8319211
-8317293
-8276586
-8270121
-8266619
-8260312
-8220449
-8196526
-8180450
-8124754
-8093676
-8092052
-8073369
-8019514
-7933113
-7928153
-7922808
-7913677
-7879851
-7852668
-7819051
-7814454
-7722974
-7712218
-7671893
-7671018
-7666018
-7631707
-7627218
-7565702
-7537323
-7534959
-7534624
-7507420
-7503058
-7495809
-7495278
-7481878
-7475535
-7470939
-7463518
-7438334
-7428427
-7349668
-7333293
-7324051
-7283567
-7279293
-7266314
-7257098
-7223268
-7210408
-7188425
-7187659
-7182173
-7157605
-7151733
-7121663
-7100057
-7097738
-7076261
-7044484
-6967223
-6956667
-6936539
-6927448
-6879867
-6852220
-6837629
-6831453
-6820556
-6800754
-6770012
-6760501
-6757934
-6670126
-6657556
-6654111
-6639309
-6637859
-6631447
-6629446
-6618206
-6616813
-6602903
-6602630
-6574475
-6480176
-6471991
-6452282
-6445755
-6440946
-6440724
-6437711
-6363298
-6345187
-6334885
-6332528
-6317383
-6304974
-6297192
-6285519
-6269088
-6208403
-6196872
-6177207
-6164536
-6153854
-6130986
-6099376
-6098341
-6087913
-6068318
-6027551
-6016244
-6012776
-6012577
-5992915
-5964378
-5955896
-5943498
-5935869
-5934404
-5921060
-5896040
-5880420
-5876123
-5874880
-5867711
-5833359
-5827422
-5825145
-5816348
-5793855
-5777954
-5769258
-5765373
-5758004
-5742865
-5683588
-5677650
-5674238
-5643708
-5633144
-5617920
-5604610
-5603764
-5594796
-5570791
-5558663
-5554458
-5547346
-5543847
-5518400
-5505504
-5503548
-5492353
-5486632
-5483388
-5469088
-5426916
-5425996
-5425283
-5410563
-5408811
-5406496
-5382805
-5367502
-5357914
-5355318
-5353540
-5342334
-5306585
-5298220
-5284848
-5284261
-5281543
-5248034
-5232600
-5227044
-5194418
-5188683
-5186429
-5181909
-5164316
-5146334
-5128099
-5113764
-5064629
-5050014
-5045009
-5032904
-5001384
-4998586
-4988717
-4955023
-4950299
-4901019
-4896542
-4863853
-4854481
-4803977
-4795948
-4789601
-4788460
-4756683
-4729255
-4724287
-4719611
-4708752
-4666975
-4650774
-4637812
-4615390
-4580973
-4576766
-4574055
-4564710
-4522195
-4519965
-4508148
-4498908
-4491845
-4461733
-4456601
-4429516
-4422179
-4353755
-4342865
-4342579
-4327930
-4301119
-4281558
-4277300
-4261459
-4258503
-4254918
-4245452
-4193844
-4155788
-4141056
-4116525
-4070063
-4016903
-4001323
-3945525
-3939005
-3924768
-3899583
-3838168
-3835881
-3810085
-3782008
-3771719
-3730382
-3684313
-3681544
-3642073
-3622507
-3615720
-3569116
-3534864
-3534658
-3530750
-3502408
-3499399
-3491497
-3460837
-3456612
-3428367
-3419582
-3389743
-3338783
-3304902
-3275988
-3264865
-3262372
-3245820
-3222223
-3205466
-3197138
-3176016
-3156549
-3149375
-3133637
-3129910
-3123374
-3112097
-3053903
-3033279
-3026473
-3025530
-3014103
-2936236
-2898872
-2894484
-2887583
-2854811
-2833580
-2812131
-2809174
-2785356
-2776112
-2762415
-2740937
-2701209
-2681851
-2670007
-2619954
-2605056
-2601454
-2599302
-2595155
-2579414
-2574289
-2494123
-2474353
-2443076
-2426875
-2395599
-2388040
-2369928
-2294625
-2239477
-2237608
-2219731
-2209438
-2197374
-2142718
-2053802
-2013973
-2003688
-1989313
-1948269
-1851087
-1826533
-1773931
-1748874
-1733817
-1720683
-1712187
-1684829
-1670670
-1645855
-1611180
-1595774
-1578658
-1575845
-1569801
-1558366
-1558337
-1552845
-1527924
-1508218
-1505557
-1492698
-1447708
-1440824
-1392982
-1389091
-1359262
-1325187
-1300596
-1253222
-1168273
-1148938
-1121025
-1052191
-1030925
-1013259
-1001177
-990045
-962578
-951888
-943097
-942337
-924675
-923814
-897440
-888951
-875940
-838540
-836045
-831536
-804196
-775249
-771114
-744273
-741378
-739151
-679602
-677696
-574299
-564436
-559323
-529500
-481327
-471525
-469571
-431708
-415945
-396897
-360502
-341629
-339887
-319815
-252085
-235962
-203021
-202505
-185693
-185128
-98842
-84631
-79267
-67308
-50284
-50247
-40834
-4031
-2582
20891
37429
58986
66388
69509
83967
118298
234518
238319
260100
276327
305940
393843
425785
438024
444943
473358
481036
519704
523297
526754
536584
541414
549815
554718
602054
607499
641793
693600
764149
780904
782672
789478
815279
823719
827621
843909
868194
909210
920637
950173
1037382
1077426
1080302
1093302
1104919
1137124
1142135
1149195
1165663
1175336
1249381
1251771
1255264
1256240
1316380
1316636
1317940
1320691
1327638
1349495
1358906
1371197
1389678
1446389
1459519
1496033
1615316
1621510
1657578
1664386
1666155
1677833
1686357
1696082
1712407
1716807
1719784
1754172
1772844
1775637
1782963
1826593
1862061
1867102
1888599
1897467
1913310
1925370
1930131
1963745
1964148
1991102
2006592
2012397
2084366
2103519
2116339
2131828
2158691
2160999
2179127
2200884
2224424
2226416
2227256
2227340
2249292
2263430
2279810
2323340
2328760
2376417
2380265
2382709
2403298
2415446
2426807
2431481
2433405
2438863
2441289
2494481
2527085
2529322
2554175
2558956
2559943
2596980
2597952
2627745
2640310
2666896
2687071
2705079
2718251
2723039
2728046
2765305
2771354
2798835
2806596
2813870
2822165
2826041
2870943
2940842
2998414
3005643
3030528
3045271
3056750
3073340
3076522
3112340
3113035
3119783
3133800
3161425
3163272
3235190
3260410
3290662
3330753
3355743
3378259
3401499
3422922
3431565
3433896
3434080
3461350
3489377
3491161
3504813
3506293
3508959
3573333
3573579
3585816
3603643
3604115
3622159
3627508
3639779
3710220
3714434
3724316
3735649
3743659
3755309
3802160
3813454
3838810
3846506
3852344
3852442
3882117
3884323
3942263
3948782
4006104
4019310
4047647
4092475
4100382
4167678
4182913
4192074
4205092
4213822
4216856
4246969
4283706
4296086
4417985
4420966
4424626
4431818
4458957
4506665
4540375
4568362
4569372
4621067
4649284
4652785
4661985
4674910
4691736
4719357
4721877
4732953
4736759
4746778
4759847
4766266
4767303
4828660
4850454
4904425
4950120
4956811
4993402
5011720
5035319
5047092
5055841
5062756
5097554
5101836
5102326
5104972
5151009
5158835
5165727
5179380
5249386
5249482
5303316
5329044
5361027
5373044
5388355
5390865
5396684
5460003
5478173
5581240
5596687
5599685
5608283
5611616
5639711
5642547
5673707
5675922
5676035
5683333
5744863
5768090
5802034
5807592
5813970
5829020
5831913
5833925
5849519
5864307
5929349
5940202
5962373
5967483
5975580
5979116
5983357
5986583
5988290
5999152
6003822
6025632
6056185
6082707
6103662
6143315
6144941
6187351
6188093
6215381
6229555
6231641
6237833
6250136
6254760
6270836
6284232
6333557
6333664
6373890
6411053
6412881
6423849
6443734
6459410
6461680
6491874
6517952
6549703
6572489
6630871
6643859
6653702
6669405
6709151
6712221
6716947
6727305
6747245
6808426
6811647
6851457
6854132
6887048
6935039
6936456
6940375
6967766
6984098
7005621
7045409
7048051
7094277
7133098
7141448
7149140
7182542
7184578
7205489
7206108
7251499
7251713
7266513
7267221
7290878
7293901
7294296
7335349
7388413
7401186
7402144
7421142
7435518
7443802
7449795
7450934
7456212
7456537
7457293
7458010
7473002
7512378
7534007
7583710
7607067
7626988
7661902
7662749
7677106
7685525
7706823
7724852
7757047
7775870
7781778
7790526
7803133
7811832
7836882
7858159
7866095
7871976
7892002
7929894
7946170
7995096
7995277
7996931
7997292
8016051
8016769
8020728
8061575
8090127
8093354
8098753
8127031
8135299
8138502
8145091
8174889
8214783
8224108
8241604
8275731
8302182
8310522
8341636
8360409
8374358
8412811
8441985
8453849
8472957
8498600
8501237
8524478
8593623
8594216
8595446
8596345
8619466
8637135
8640273
8652584
8666959
8668679
8717090
8718442
8738813
8770363
8783535
8804812
8824834
8849394
8869626
8871083
8895691
8896661
8982205
9001862
9008234
9016953
9043377
9083432
9123109
9151310
9156978
9218418
9229175
9234289
9246006
9246507
9282982
9301285
9312045
9314609
9326908
9349136
9362648
9387725
9407042
9416719
9431897
9476176
9536048
9545679
9553538
9604446
9677305
9684909
9714697
9731381
9771508
9772269
9780651
9780769
9789991
9809416
9819174
9877241
9883440
9959522
9980807
10032650
10044222
10044569
10053863
10093483
10094269
10097478
10123792
10154781
10155258
10176906
10213055
10232098
10232277
10239061
10254511
10291432
10313833
10326069
10331164
10344208
10354361
10361515
10384179
10427622
10461729
10483418
10531415
10572373
10595762
10611541
10617005
10632712
10645639
10654478
10674839
10688210
10697600
10731968
10764921
10779578
10785224
10898480
10910071
10922588
10923566
10952698
10977066
10999431
10999743
11015294
11070621
11077096
11093776
11156355
11227585
11246810
11247434
11248890
11279251
11286518
11310435
11316652
11316972
11350826
11376649
11430201
11446274
11459483
11471863
11506850
11518851
11558053
11566022
11569993
11575932
11624992
11654649
11660109
11661337
11674493
11697179
11712690
11718733
11734744
11763693
11779963
11789235
11816010
11823596
11826063
11896322
11952039
11969417
11988054
11992844
11996084
12067996
12103579
12122374
12135235
12143691
12153338
12158608
12175522
12200067
12220773
12223541
12230205
12240806
12269396
12357146
12434918
12462485
12486799
12487987
12499009
12519330
12522884
12580823
12600232
12614017
12622279
12681968
12699313
12715452
12721175
12726842
12743052
12746394
12752289
12754007
12765340
12767466
12794147
12809612
12862513
12879405
12915248
12954626
12990873
12992637
13019259
13042173
13050932
13056529
13117064
13145162
13149492
13153550
13167453
13199971
13248288
13264085
13314416
13317590
13357185
13397235
13403014
13405541
13420416
13443331
13466512
13468121
13520520
13545322
13554204
13562189
13571317
13577542
13587253
13590618
13597325
13602670
13607283
13609856
13610312
13646113
13668111
13682472
13715367
13737323
13737464
13771874
13783308
13799433
13801413
13821622
13847684
13895531
13996593
14010306
14047408
14058212
14062400
14073580
14089876
14090166
14096725
14102911
14149116
14170878
14189900
14205457
14239206
14241939
14255337
14265750
14272791
14305323
14306487
14343714
14351371
14359589
14399493
14414184
14436670
14485491
14489619
14515209
14544169
14581805
14588252
14599090
14615350
14642339
14651455
14655553
14657222
14679174
14693500
14708081
14754305
14768224
14782094
14796265
14806839
14823651
14824763
14877568
14909820
14937127
14939702
14954064
14989339
15005900
15031523
15035432
15040599
15088815
15098167
15132526
15190045
15240801
15271372
15287750
15296043
15314184
15333584
15348011
15383700
15393466
15408698
15423655
15442575
15454286
15504403
15510931
15574663
15586410
15602524
15628887
15653711
15729896
15738071
15794835
15813736
15830378
15846818
15848588
15853054
15879454
15883189
15918924
15952920
15955173
15961642
15967766
15981317
15985665
15987226
15996166
16044466
16062571
16064730
16144065
16171386
16194296
16196513
16199179
16257398
16286769
16373421
16388705
16448707
16495824
16539388
16544619
16545525
16583494
16589765
16641481
16642535
16648631
16659901
16660410
16683923
16694964
16748812
16759546
16815831
16875062
16875802
16883458
16884645
16927160
16968279
16983479
16988372
17012401
17035445
17057959
17099073
17110201
17223062
17230465
17258217
17266215
17267921
17269762
17284352
17305307
17306736
17339020
17349861
17367990
17370873
17385431
17438446
17444121
17452652
17463237
17473088
17489375
17489809
17505126
17557530
17581181
17651719
17660800
17685691
17687059
17700659
17705247
17707000
17712466
17727873
17728588
17814327
17859690
17870099
17883414
17893919
17925396
17952105
17964370
17988265
18010237
18024862
18046594
18052679
18057652
18061883
18076870
18159928
18165877
18178582
18256958
18267370
18280250
18297615
18301989
18316470
18344940
18367110
18382219
18388166
18393391
18458398
18466492
18474892
18495467
18519052
18522681
18553172
18567257
18570266
18575256
18635467
18643508
18669040
18677890
18693021
18693302
18710602
18733662
18742491
18796822
18800621
18824945
18826566
18841186
18871853
18916878
18969695
19002852
19056531
19066678
19107713
19129752
19131519
19137476
19197295
19212141
19241396
19247625
19331540
19339466
19351584
19363301
19402232
19411919
19501462
19505032
19506174
19530301
19531024
19541874
19592775
19628463
19684220
19687163
19695587
19701699
19703747
19732274
19747139
19767264
19775402
19778420
19801106
19831709
19837235
19867095
19885565
19888332
19889056
19903377
19969748
19977298
19986073
19994933
20015080
20035398
20074586
20080862
20107783
20110142
20120569
20128318
20138686
20180343
20194165
20245551
20251291
20291203
20318325
20329427
20335930
20339812
20344080
20344931
20373497
20400964
20406300
20428165
20443024
20445953
20450716
20490808
20517013
20526589
20526705
20545015
20581464
20581881
20600007
20603801
20627717
20649888
20665687
20665885
20687858
20690802
20694592
20706881
20759621
20767762
20774456
20777309
20780462
20786971
20792997
20795050
20806668
20819750
20835954
20864843
20895916
20905485
20949252
20990180
20995088
21010646
21027902
21029460
21171024
21208616
21227028
21320526
21321656
21325099
21377007
21390281
21403609
21439595
21439647
21446660
21463913
21489303
21581157
21588158
21602223
21639368
21651605
21703371
21733030
21739558
21752551
21787190
21792340
21805145
21805665
21812641
21813464
21863481
21887344
21928540
21977025
21984067
22009515
22039106
22043829
22064282
22065303
22071763
22077068
22078384
22111670
22125659
22132658
22153803
22178545
22183096
22232622
22248265
22264773
22282097
22301235
22303789
22331897
22334236
22338581
22342183
22346015
22385737
22409670
22415608
22423353
22428916
22433188
22498649
22525547
22529549
22541633
22546283
22598217
22601859
22608052
22672547
22724484
22725930
22731836
22753834
22754850
22770861
22773725
22781651
22793664
22818698
22822840
22830978
22846593
22860760
22864186
22894933
22991147
22994494
23004161
23005467
23019719
23034431
23044703
23058990
23061447
23065846
23126412
23139670
23158705
23193576
23203340
23241546
23248589
23264799
23287871
23300912
23315344
23355401
23357008
23469092
23476054
23523818
23543218
23578646
23588138
23598154
23615490
23647022
23653016
23653991
23662502
23666513
23680717
23684450
23688814
23695082
23720074
23725710
23726676
23747332
23776785
23797106
23814368
23837871
23855528
23891308
23931441
23935946
23967705
23993503
24010285
24053593
24076599
24110838
24154004
24175496
24208336
24221356
24258494
24275492
24311633
24411769
24440353
24463497
24483156
24506799
24525603
24540078
24543872
24614305
24632354
24650585
24652378
24654969
24688623
24701728
24709072
24714915
24719109
24723062
24763946
24768059
24770812
24817670
24825576
24839637
24848663
24849863
24858817
24877118
24880778
24977878
24996447
25008394
25034124
25042437
25066811
25083054
25086353
25176074
25182817
25183319
25184515
25195587
25199098
25224285
25227278
25236253
25236547
25239117
25265401
25312594
25335775
25374926
25389159
25403249
25411990
25420272
25420459
25484288
25503855
25505798
25565079
25575145
25576376
25580721
25596632
25616859
25629908
25640660
25724816
25765212
25808907
25878339
25889807
25960439
25966780
25973661
25974011
25978466
25991186
25996059
26025412
26049290
26058545
26071200
26126550
26130802
26131036
26160562
26167197
26202160
26240223
26245163
26271705
26311054
26366318
26367626
26417071
26456603
26555942
26575922
26603027
26617847
26624247
26722293
26828675
26842704
26855889
26896163
26936034
26945981
26966089
26972371
27059796
27150193
27172916
27181612
27185591
27226531
27262040
27263222
27281870
27286625
27288540
27347175
27370483
27376670
27390813
27396207
27420373
27431430
27449198
27507645
27521263
27526238
27542910
27546802
27554013
27569345
27641105
27689354
27758448
27804260
27839539
27839590
27896757
27897132
27906460
27917798
27924325
27928834
27940086
27942282
27948252
27959856
27979244
28032263
28046688
28079433
28083617
28103662
28134225
28161174
28168525
28170158
28176308
28181339
28247004
28263706
28268078
28287245
28288346
28357367
28359221
28386649
28420885
28470971
28488767
28503605
28529207
28539283
28591649
28680339
28696430
28701339
28732460
28734513
28755478
28764698
28766631
28798209
28802403
28812325
28824329
28847493
28872644
28876710
28883461
28897124
28923201
28927956
28942522
28945685
28975125
28982775
29003200
29036012
29057245
29070166
29071205
29072275
29075197
29077495
29091227
29118691
29123039
29125597
29164970
29176946
29227857
29241826
29245292
29252962
29253298
29265238
29267725
29288675
29292050
29312829
29314767
29360115
29410209
29411140
29419114
29422205
29432504
29442075
29519079
29522785
29536889
29546022
29546290
29574252
29580562
29584823
29587176
29590067
29595118
29624119
29624231
29674104
29675668
29690290
29715689
29742726
29759604
29765193
29809136
29810355
29814755
29823812
29834427
29915718
29922966
29939154
29950171
29979569
30005885
30031247
30168880
30185093
30243340
30245551
30252034
30273047
30282310
30312406
30347202
30392769
30397056
30436697
30440920
30443332
30472229
30539446
30540805
30576760
30577777
30580254
30582903
30592077
30597451
30606376
30616309
30653204
30690735
30696600
30711122
30737609
30747960
30751991
30769763
30771829
30788461
30808536
30857303
30869245
30873869
30905252
30972991
30974096
31026936
31033080
31040696
31045636
31054425
31060550
31075893
31079448
31080395
31091560
31119992
31186197
31192365
31203859
31245984
31280317
31291570
31336358
31341068
31345095
31357242
31359821
31366989
31371790
31394198
31400303
31469838
31488139
31515117
31531705
31543990
31549453
31574547
31582509
31584003
31597669
31640537
31662273
31714456
31723063
31743518
31755615
31757149
31770432
31781188
31851021
31872072
31872186
31876926
31946425
31967044
31985048
31985564
32127626
32154993
32201699
32218184
32265617
32287618
32341136
32353028
32363127
32381435
32415817
32433368
32445563
32513891
32515993
32536148
32582127
32611692
32644674
32661266
32680866
32685891
32722473
32723014
32725698
32747093
32786152
32787527
32792945
32810803
32818046
32838911
32882545
32882653
32884927
32911391
32963847
32975987
32979349
33003513
33040406
33047229
33059354
33065523
33065556
33070395
33085636
33095328
33109086
33151080
33162235
33183304
33196143
33204988
33243862
33318496
33335364
33381759
33382229
33385530
33426322
33447215
33459413
33507785
33509136
33516148
33519631
33540304
33587573
33672920
33707827
33780943
33820063
33885312
33928671
33931363
33937469
33950745
33974314
34025370
34069365
34069419
34069797
34070418
34074187
34083013
34092040
34100417
34113078
34130136
34144680
34168771
34188492
34208863
34215830
34223772
34225393
34225791
34248712
34298364
34339734
34341628
34346874
34353991
34384228
34423137
34434509
34468672
34468910
34475972
34481770
34509678
34530775
34598594
34616562
34625094
34654352
34660005
34696605
34711263
34734241
34746300
34763281
34768710
34776131
34798681
34841266
34846953
34875200
34897596
34903839
34941803
35033419
35046242
35051233
35059752
35089417
35104606
35111198
35160107
35163709
35165001
35197252
35285224
35337411
35357262
35390814
35397468
35403719
35409251
35472690
35483029
35504852
35530249
35540025
35549248
35551563
35553083
35554712
35564891
35650649
35702753
35706988
35736823
35743228
35747262
35790482
35790599
35845260
35850952
35852784
35946088
35956229
35995265
35998853
36011383
36013828
36025668
36043826
36045644
36073606
36109792
36133226
36157280
36169585
36173586
36201192
36204475
36210791
36229185
36257279
36267586
36279239
36299413
36301007
36347593
36350303
36371060
36385439
36388449
36397446
36400265
36427062
36443985
36456148
36457484
36467208
36480067
36496971
36502468
36502700
36532965
36549275
36553843
36603505
36606986
36611402
36631608
36633373
36660008
36674413
36694272
36727736
36728187
36748167
36749181
36752427
36759371
36773922
36801923
36806801
36848076
36857159
36902224
36927261
36949639
36952892
36963912
36972301
36976372
36994520
37025937
37039348
37053366
37079481
37087498
37105568
37130392
37133671
37138118
37139656
37152755
37169268
37176745
37186967
37197836
37207915
37222733
37240176
37262295
37265275
37266033
37294501
37346342
37349713
37369696
37375873
37390710
37396490
37467533
37488518
37529788
37534794
37564215
37578751
37702398
37757919
37765120
37771820
37772361
37773360
37790848
37838148
37852231
37853410
37907912
37918589
37922713
37932624
37938552
37981058
37994438
38005218
38025132
38045071
38058407
38068433
38083890
38086526
38091437
38149486
38188882
38196759
38219685
38235599
38251935
38294430
38338713
38338789
38344644
38353928
38358005
38396567
38404083
38468342
38508041
38508285
38545348
38564809
38566755
38578459
38599663
38601605
38612853
38621516
38626961
38635466
38640278
38644429
38685872
38687851
38700140
38711285
38716585
38737369
38740118
38763307
38775665
38779811
38797249
38815894
38870271
38913809
38935930
38959880
38961412
38962807
38985383
39055463
39098464
39124550
39143712
39167579
39199554
39202139
39231887
39236313
39266201
39283389
39306045
39311925
39321370
39326609
39371242
39400985
39459101
39469304
39503113
39543624
39544179
39563654
39625084
39628614
39628640
39632465
39647005
39656143
39681258
39683771
39702860
39733682
39754504
39774812
39786466
39802518
39808812
39822024
39827702
39831579
39844444
39848307
39886677
39897292
39948523
39953750
39961859
39962280
39970067
39971186
40016128
40024383
40033163
40044563
40110032
40131918
40133948
40149090
40193089
40195969
40208653
40210804
40217451
40242846
40265836
40286468
40292129
40308402
40308583
40333310
40350435
40375864
40423027
40434796
40462424
40472016
40487416
40506669
40523389
40529396
40531268
40546117
40555183
40574966
40597212
40604314
40638097
40639891
40659388
40672401
40676817
40692419
40717299
40728686
40733377
40735493
40740569
40746168
40757452
40776507
40783270
40808434
40818666
40819541
40830121
40841823
40909905
40936143
40940098
40966276
40985798
40997847
41023209
41033131
41044692
41050580
41060551
41063259
41090293
41130727
41138962
41219653
41226132
41360639
41394312
41419765
41434994
41451259
41477128
41483828
41501643
41511060
41523087
41525587
41535017
41553412
41571623
41575060
41575667
41609190
41612758
41659834
41669776
41671082
41688255
41694431
41729416
41733016
41738048
41756393
41767057
41780568
41813055
41820662
41861463
41868672
41907775
41940513
41964683
41978210
42073531
42094427
42096902
42103660
42110873
42113543
42125780
42146298
42164280
42170440
42171869
42204770
42249550
42257521
42281986
42295915
42305962
42376310
42401711
42428679
42442895
42463674
42466152
42477919
42517999
42565617
42566559
42624389
42624679
42637538
42644624
42647605
42651628
42677354
42685976
42686005
42693734
42702487
42720208
42777337
42785793
42795433
42846064
42862536
42866588
42868978
42869601
42884819
42909175
42957560
42990007
42991292
43004039
43008247
43021468
43055008
43055646
43064710
43077472
43084295
43124030
43151663
43161280
43224974
43225865
43227518
43267311
43271478
43293426
43332087
43345783
43370187
43373342
43383018
43415357
43418237
43429246
43458070
43497587
43523724
43570494
43573516
43602916
43611418
43629378
43630507
43641500
43666496
43668931
43690724
43719716
43724732
43726232
43735081
43739978
43802988
43805379
43810067
43812730
43817381
43825838
43827905
43833343
43839735
43857197
43875724
43880018
43895874
43902450
43904052
43905679
43981683
44001452
44060212
44066807
44074220
44081060
44104593
44118310
44142231
44142869
44149097
44162944
44163585
44182338
44197483
44199877
44216419
44230297
44242727
44289962
44310862
44327071
44330455
44333213
44339792
44349697
44415026
44440733
44449287
44450571
44457029
44484234
44489036
44526065
44544764
44552644
44594246
44614163
44638030
44659339
44699327
44754989
44790237
44792278
44795427
44797500
44808045
44824287
44830542
44879806
44911721
44918472
44948405
44978324
44982658
45000075
45039474
45040129
45065148
45072199
45078411
45113285
45148599
45151187
45172188
45249674
45257690
45272197
45295652
45386780
45445594
45452449
45518693
45525173
45525509
45532875
45643050
45656543
45658243
45671627
45680274
45721525
45764973
45765973
45804863
45824827
45825367
45853425
45857673
45868159
45876855
45878674
45901404
45908564
45917451
45947384
45947388
45956509
45987880
45989012
46012380
46055031
46135245
46135857
46149949
46179183
46186551
46206411
46210962
46212420
46214192
46240573
46243948
46267963
46365917
46396245
46418164
46431838
46434176
46450099
46469879
46488273
46495124
46567401
46569701
46593108
46610032
46615393
46628324
46631123
46631568
46654328
46660397
46667031
46698257
46718039
46718210
46721204
46748838
46768069
46770843
46771947
46772554
46787543
46817042
46856566
46859092
46864029
46864703
46871278
46887362
46890981
46906049
46908828
46912178
46940784
46945102
46955316
46959235
46983572
46983914
46985247
46997137
46998372
47004401
47047156
47058593
47079517
47094900
47105615
47141864
47160439
47187277
47222381
47237274
47249624
47259625
47262007
47279014
47283047
47291309
47342092
47363521
47367161
47380398
47400832
47415910
47421959
47422732
47439726
47468827
47526370
47561700
47567752
47568283
47569078
47580304
47589561
47617820
47634952
47673362
47699349
47735930
47752166
47764567
47765385
47766696
47786506
47802936
47836579
47847833
47858659
47867036
47879461
47887931
47893671
47896534
47986174
47987189
48020136
48135440
48157305
48160687
48175213
48199908
48238615
48272346
48287235
48288990
48290472
48303925
48331061
48331937
48424965
48464188
48506006
48523813
48531918
48553124
48556075
48557144
48642026
48646954
48665821
48688444
48696958
48699899
48728614
48746043
48776813
48825812
48828386
48833527
48906291
48917511
48934243
48952812
48961393
48970048
48993276
49097592
49128505
49155726
49156951
49177158
49191513
49246369
49261530
49354271
49358251
49362542
49384499
49386888
49405690
49416834
49439597
49477194
49479203
49530362
49546573
49560461
49567841
49617190
49624837
49632625
49731798
49741369
49745101
49753108
49767923
49790241
49856032
49856354
49923591
49931241
49986688
50029346
50035242
50040091
50062593
50081864
50110618
50125819
50157030
50158263
50197683
50199131
50200034
50204331
50227745
50230561
50257175
50265425
50306426
50332760
50356812
50369481
50374107
50384473
50398641
50400048
50440883
50455144
50467563
50503376
50516843
50537916
50545331
50546327
50567119
50585579
50601345
50631169
50639371
50644926
50687235
50690760
50736444
50749665
50777438
50791588
50824113
50831190
50833802
50914182
50979805
51005234
51010106
51028469
51055002
51065450
51070876
51114489
51125489
51140896
51149660
51188953
51232114
51242270
51244427
51264472
51267242
51274620
51298275
51303708
51310834
51331742
51340516
51351796
51375685
51398304
51408912
51444960
51447427
51462183
51463432
51506931
51548980
51552259
51569302
51584885
51590459
51591190
51622096
51626548
51626719
51639399
51663428
51681328
51686862
51692085
51720690
51776735
51832769
51837470
51837569
51851198
51882837
51887744
51892263
51897506
51912998
51913859
51947640
51977395
52004700
52006456
52020782
52020966
52035103
52067636
52070677
52084562
52099801
52136780
52146366
52146844
52184802
52218774
52239577
52255088
52262629
52290754
52303116
52309216
52317449
52324127
52339620
52351630
52362571
52387297
52397826
52411862
52436883
52442733
52447228
52452210
52462551
52482327
52498586
52530983
52547541
52576381
52601681
52620108
52622293
52654501
52677574
52699502
52707891
52748630
52760368
52789044
52793458
52797963
52811382
52820023
52833998
52855754
52886071
52925731
52942497
52979364
53056303
53059714
53139408
53141167
53155251
53168375
53187510
53214965
53235056
53242522
53271336
53283261
53290206
53300311
53326482
53331613
53338034
53383689
53395689
53411676
53440888
53461228
53484719
53507947
53509072
53511747
53552716
53554027
53588248
53618692
53628391
53651188
53653930
53666480
53671621
53693230
53700746
53738233
53744126
53747339
53752325
53755418
53774930
53792139
53797569
53844380
53849606
53857009
53857465
53860644
53872781
53891826
53931447
53978820
53980850
54003228
54032931
54090111
54169318
54216081
54236836
54252372
54259754
54302819
54316749
54327049
54340864
54351464
54392541
54415836
54417500
54450743
54469559
54488901
54516774
54522916
54527155
54552525
54566251
54566364
54597546
54621425
54624136
54634257
54688334
54696293
54757730
54770851
54830035
54840837
54844247
54862063
54881151
54894722
54949303
54993461
55053267
55058381
55064159
55065771
55085934
55128125
55136044
55159274
55166608
55175587
55176098
55189672
55217709
55228927
55229875
55243109
55268199
55273896
55276559
55283862
55290904
55302236
55311753
55326207
55351377
55356280
55356804
55362693
55383359
55401176
55417288
55418039
55432326
55442780
55468037
55481745
55490440
55536352
55565350
55588191
55601980
55617039
55618025
55668360
55679116
55684474
55689557
55691224
55695457
55746917
55768540
55789922
55816527
55943189
55943544
55943823
55961042
55975644
56002756
56033162
56052696
56053064
56065392
56094707
56137234
56144981
56146550
56189736
56208841
56238152
56243676
56265052
56304364
56332858
56355034
56384887
56444027
56460513
56471566
56518742
56536546
56540902
56545594
56567209
56593088
56598354
56654547
56669820
56705027
56752068
56789861
56837471
56841133
56858533
56859408
56881077
56895192
56895794
56928065
56943786
56959356
56989006
57024668
57045461
57060038
57062609
57077936
57116155
57120511
57120696
57136804
57137508
57139577
57143803
57166188
57174437
57178652
57186228
57250109
57251695
57256817
57259625
57263507
57292911
57299893
57314888
57331015
57339059
57377357
57409774
57410607
57427905
57442062
57462743
57468366
57494627
57510546
57531182
57550899
57562100
57576139
57595550
57615542
57616961
57617972
57625672
57635031
57636074
57655837
57690262
57746981
57751537
57752469
57759816
57780802
57818643
57826708
57981276
57994150
57996780
58016807
58026666
58033166
58049259
58050292
58062905
58102964
58109144
58140958
58213916
58215634
58221013
58252519
58269319
58283057
58285076
58291366
58308289
58318760
58319989
58320862
58361654
58363235
58379287
58413852
58429804
58489217
58538995
58575692
58599123
58608786
58608893
58635899
58648978
58661245
58662562
58704979
58710506
58715064
58740923
58747768
58770596
58775582
58776495
58806298
58844338
58857015
58858588
58879365
58885474
58895378
58899568
58915019
58923989
58951035
58962645
58991178
59007475
59008234
59008552
59023755
59025452
59033929
59050927
59052131
59056416
59061220
59063292
59076092
59076679
59077332
59085090
59111117
59129063
59190756
59192323
59212454
59214505
59228710
59278322
59283814
59294008
59298932
59304989
59329711
59370433
59390448
59391221
59392639
59410300
59451699
59465730
59506286
59508131
59525276
59527026
59528560
59533010
59537293
59543661
59546107
59570578
59571612
59572287
59580696
59598657
59607368
59653579
59707511
59711900
59715553
59722808
59723431
59741477
59747733
59750890
59766806
59769311
59772263
59776030
59805655
59820690
59821109
59873756
59882376
59911883
59917887
59939994
59953112
59953604
59969384
59994166
59998140
59999238
60002300
60005056
60010604
60051425
60056139
60151026
60168133
60171815
60183915
60193617
60211815
60224748
60257475
60264178
60290286
60292534
60313894
60324451
60327887
60350495
60388111
60398469
60419702
60425456
60444780
60449662
60496265
60502935
60509411
60564007
60570275
60584247
60586493
60594784
60600740
60615741
60620548
60626966
60640033
60664973
60673817
60679307
60692329
60711991
60716123
60755104
60782122
60847741
60862519
60869450
60914630
60946486
60953011
60976291
60998562
61001076
61011352
61037973
61051879
61053368
61083984
61103582
61131679
61140904
61161708
61187087
61193993
61233803
61251978
61266577
61295344
61299172
61317349
61328164
61361528
61388801
61393835
61444319
61452394
61461214
61495060
61547527
61550343
61559261
61587800
61654349
61658267
61662061
61666499
61668089
61732534
61786408
61802885
61938105
61942811
61944886
61950463
61953972
61983202
62010781
62025789
62055862
62066447
62082132
62083637
62156339
62166826
62236210
62272521
62311829
62357344
62359619
62362161
62366891
62366968
62372539
62394891
62405640
62445338
62463772
62467952
62472945
62495260
62591094
62624827
62689882
62721133
62732035
62740623
62794139
62806203
62818610
62820792
62830217
62830392
62838187
62847740
62887895
62888128
62958423
62992237
63019631
63075250
63079227
63147806
63180291
63183009
63198209
63225892
63232504
63278538
63288845
63294511
63313274
63372215
63430305
63436205
63455022
63515532
63527422
63529924
63546975
63547953
63553040
63563719
63573321
63579403
63587642
63601456
63606578
63631410
63682892
63686636
63709247
63720536
63722685
63775066
63789468
63823629
63870333
63909364
63921679
63930675
63951743
63979361
63986598
63990718
63999956
64012102
64037963
64046988
64052050
64062155
64062717
64066406
64075260
64120701
64127923
64128369
64134205
64181212
64204302
64205879
64237559
64264094
64305216
64340248
64340930
64368063
64422277
64426098
64430294
64432422
64432804
64439337
64448975
64463941
64518765
64522932
64555210
64566057
64599504
64617125
64657685
64716988
64721646
64726578
64728866
64738953
64741607
64757480
64764563
64779289
64825526
64827579
64871048
64873166
64875552
64907235
64961657
64977490
65038398
65052683
65058374
65089732
65115079
65157603
65187110
65194735
65205227
65218627
65248043
65260678
65275472
65278876
65302844
65304720
65344966
65370652
65383249
65384787
65393181
65440847
65452547
65459119
65464538
65468903
65530103
65537715
65551465
65560149
65571132
65604092
65655674
65694149
65698378
65701527
65725810
65767108
65770020
65794960
65831735
65871191
65878504
65878816
65881965
65887958
65909091
65921834
65929022
65952540
65963639
65993382
66001295
66002861
66019071
66034279
66044195
66071295
66074317
66138536
66152999
66164505
66171031
66178149
66245339
66257948
66306074
66309713
66331749
66408294
66476909
66531109
66544180
66570819
66584698
66592211
66667446
66681528
66682855
66684073
66690034
66709363
66711251
66721132
66721497
66735583
66790989
66793635
66794957
66810058
66837264
66852391
66875894
66895515
66903437
66917012
66923823
66951908
66954831
66968514
66979626
67014357
67026756
67046264
67053742
67053938
67075486
67081266
67083724
67094846
67120626
67159012
67162866
67171419
67182121
67191475
67219291
67266713
67268210
67271805
67292450
67313300
67333384
67334758
67420649
67444079
67495811
67522441
67529540
67539885
67553882
67585207
67594579
67625997
67664767
67705197
67743626
67745939
67759885
67762731
67766933
67767978
67772716
67791989
67797876
67812966
67816902
67819853
67825897
67831122
67837023
67865207
67876178
67884334
67890034
67909851
67933195
67950007
68003392
68006916
68015325
68021275
68026473
68042360
68053940
68079788
68134075
68166161
68172587
68178571
68220625
68237123
68245221
68256943
68267169
68317737
68324890
68332995
68338811
68361812
68367482
68409564
68423202
68425325
68462913
68474796
68481740
68492552
68637529
68704361
68704945
68724731
68741283
68811296
68856058
68860850
68867770
68889961
68923240
68925993
68939291
69003372
69041250
69052721
69063125
69087997
69110440
69133727
69165676
69170297
69175029
69180517
69220858
69236405
69270564
69363975
69381951
69385681
69415807
69452541
69466325
69467892
69476810
69478595
69504288
69516126
69518747
69532570
69542576
69579965
69585990
69610041
69622327
69642059
69647844
69650292
69652689
69684433
69691991
69693962
69756803
69759660
69796659
69828831
69831528
69842281
69853783
69867857
69924244
69934182
69990876
70002945
70016825
70041317
70065457
70067724
70097786
70105016
70123556
70130138
70133850
70157259
70263115
70270628
70283544
70296424
70300650
70310093
70340848
70359631
70369647
70387526
70391321
70410578
70427702
70435453
70441628
70496733
70502126
70503084
70503671
70554695
70570552
70570860
70599771
70614720
70626162
70630439
70644963
70645158
70660335
70679365
70714392
70720696
70722684
70742030
70763869
70776274
70785843
70811937
70892862
70899763
70909502
70917510
70929473
70950765
71012098
71038059
71069042
71107287
71125571
71165503
71178467
71252081
71287683
71328180
71374958
71381613
71414298
71439657
71461406
71473216
71507261
71518814
71526455
71531076
71545442
71577002
71643540
71643608
71709112
71755392
71769640
71790248
71809315
71827986
71893714
71904118
71947254
72009338
72043462
72070438
72083101
72088619
72100320
72113008
72199089
72205524
72219431
72227004
72268749
72316564
72317217
72357365
72370549
72429124
72433689
72440877
72444913
72450907
72454806
72491273
72499938
72504726
72515777
72527828
72562122
72612833
72618716
72627034
72647865
72665824
72674015
72720208
72728813
72751928
72758627
72799374
72803485
72831502
72918561
72984663
73001486
73008337
73038521
73056228
73074982
73077066
73080859
73086194
73092088
73120649
73138401
73189674
73191677
73193977
73200767
73201467
73211672
73225326
73251374
73253230
73254749
73281408
73284266
73285285
73323670
73352543
73381455
73386785
73388002
73392465
73419698
73452229
73476260
73480594
73481386
73518796
73569700
73573768
73575323
73582392
73621644
73623801
73658804
73688331
73690773
73690864
73701496
73709990
73752867
73761422
73766760
73773649
73834616
73876099
73904113
73990371
74003174
74003918
74006192
74018381
74047602
74065955
74088883
74102058
74109894
74110132
74189827
74190454
74233280
74279496
74292674
74299424
74315126
74333493
74334745
74385006
74393938
74406611
74415035
74431634
74513341
74532584
74538806
74544718
74549962
74602971
74614757
74666655
74684577
74702489
74713649
74722985
74774924
74801368
74825761
74861921
74862642
74872791
74921200
74945192
74951473
74953962
75052250
75066870
75066906
75075434
75089714
75172043
75176857
75180281
75190163
75208875
75211034
75213545
75237474
75243983
75263507
75289752
75330532
75336619
75365253
75371713
75379538
75386241
75401171
75421636
75424844
75443652
75459535
75463025
75536541
75538904
75539386
75546304
75555374
75573696
75667039
75676925
75681916
75700551
75719946
75742091
75765631
75782313
75800370
75841918
75846902
75856604
75860335
75892058
75901725
75908336
75963954
75965821
75970161
75973661
75994942
76005221
76019369
76030284
76030298
76046207
76047055
76076722
76087230
76094194
76094909
76114447
76117055
76175721
76200212
76225902
76234238
76242947
76269163
76271835
76289113
76294212
76301131
76304625
76325562
76329561
76339666
76355849
76381918
76443851
76511933
76536191
76545119
76556419
76585461
76604102
76628924
76649782
76666969
76699793
76728584
76744477
76759870
76813884
76815062
76840528
76887296
76888107
76920212
76928595
76961343
76964940
76977372
77010315
77016393
77027414
77030828
77085538
77102754
77104101
77105380
77116001
77144458
77176163
77184759
77191366
77199285
77205857
77213115
77223173
77226298
77240848
77266516
77308071
77319401
77346305
77349914
77382884
77419883
77431494
77464297
77473353
77548087
77558950
77561216
77561520
77590983
77609740
77632641
77642763
77670033
77670348
77723743
77742178
77758785
77771926
77787026
77787995
77801456
77848689
77861647
77876781
77903920
77929942
77946689
77963518
77970551
77974493
77985674
77990818
77991223
78007114
78047030
78077768
78096668
78133741
78157193
78170039
78171526
78201149
78205781
78232282
78250328
78259332
78305960
78343923
78358927
78435210
78435988
78449860
78450719
78537118
78552762
78554130
78595219
78598942
78638817
78645159
78656739
78661279
78768405
78772758
78786857
78791431
78795219
78819799
78832087
78847862
78851699
78857397
78864576
78872769
78875421
78909748
78913072
78948780
78949324
78954429
78980201
78990182
79018819
79023206
79081651
79101031
79110009
79129480
79137521
79149174
79161691
79165374
79185453
79188112
79200789
79235492
79294872
79301180
79314801
79337272
79360982
79379840
79389116
79395536
79421063
79425157
79476602
79482224
79497924
79511250
79558289
79575732
79604416
79621930
79634347
79648441
79694721
79713785
79722632
79777811
79819191
79867025
79892282
79898460
79941982
79967472
79976938
80020607
80043509
80053287
80056068
80079135
80107659
80151622
80155690
80193700
80196563
80204732
80212985
80234079
80267539
80290024
80293137
80325688
80364473
80379477
80400346
80412742
80425439
80442669
80478901
80484853
80489928
80495903
80506481
80508489
80512302
80525576
80528237
80533025
80536758
80555005
80567096
80568147
80609961
80659574
80702620
80746840
80798014
80879419
80960701
80995376
81012888
81021804
81023398
81025146
81028253
81071576
81079956
81085415
81107005
81121822
81130516
81150898
81185953
81209804
81228301
81228590
81243830
81244513
81270250
81273152
81313095
81319733
81332115
81375912
81401374
81473986
81504208
81523264
81532281
81553090
81582118
81582767
81629220
81643080
81659267
81728066
81742019
81783314
81794424
81816127
81842082
81854740
81871376
81889658
81915380
81932591
81942725
81944938
81945295
81946532
81980270
82034318
82035400
82039222
82062847
82077302
82106164
82111395
82120812
82121029
82148129
82157439
82181936
82199797
82212350
82226429
82226667
82234609
82289001
82290522
82297686
82303209
82308182
82311614
82316259
82362889
82379087
82382153
82389295
82395517
82437969
82451057
82548060
82553777
82587921
82615521
82641756
82656360
82666707
82722135
82784972
82790515
82794612
82800919
82803543
82815602
82833051
82855411
82891013
82897258
82902479
82927481
82941286
82973191
82973831
82998072
82999574
83018729
83038191
83059626
83102194
83121934
83202202
83239485
83246690
83298130
83302971
83342876
83387369
83398183
83416219
83418469
83425589
83446637
83455518
83478829
83481154
83486837
83496024
83511302
83539699
83600845
83619299
83625058
83630286
83640087
83645218
83670665
83673622
83730640
83733245
83754951
83783300
83796243
83840334
83863879
83874324
83882485
83885874
83902886
83909106
83920835
83946825
83951357
83956090
84102033
84108879
84115146
84122508
84144551
84168840
84216377
84223216
84264151
84295288
84305863
84310362
84315278
84327082
84352927
84374700
84382462
84391644
84421125
84444308
84467652
84470087
84482595
84500613
84505337
84507936
84518522
84527186
84530351
84562142
84620447
84629831
84635192
84635288
84694369
84700904
84714194
84722272
84729290
84745706
84768003
84773110
84787066
84802096
84810417
84820165
84824316
84836477
84852119
84860595
84883387
84906238
84920105
84935746
85001623
85048707
85080285
85094657
85146787
85155244
85188555
85193244
85216629
85243760
85253514
85267375
85268943
85286573
85294709
85302497
85322621
85344258
85376191
85386423
85390256
85398596
85401811
85418519
85454624
85461483
85489496
85513173
85532890
85552535
85557565
85565596
85587552
85648927
85652030
85654397
85679895
85712708
85747138
85802016
85812735
85846940
85873738
85874079
85879059
85889585
85900842
85908648
85915265
85975878
85983109
86038675
86044593
86052211
86149268
86152419
86153265
86164835
86220799
86250489
86281397
86282051
86288109
86288519
86325471
86345096
86347974
86372615
86396034
86396593
86397637
86426615
86437893
86447097
86476366
86551329
86555439
86563034
86575670
86590528
86592680
86596755
86597844
86660896
86685593
86689107
86695862
86701260
86712999
86801989
86804685
86817773
86865436
86902812
86915853
86916507
86921567
86935904
86942836
86958977
87004009
87008906
87066781
87081943
87106339
87113615
87116462
87138395
87146650
87147290
87164074
87169009
87172148
87184307
87187273
87203015
87255996
87259432
87321129
87327149
87335394
87341260
87346580
87349391
87363958
87386126
87411984
87414497
87488745
87491021
87528872
87544601
87563015
87563358
87588324
87589953
87623652
87646532
87728360
87742055
87769736
87809237
87816611
87837991
87902808
87924955
87981369
88013086
88023445
88056676
88102827
88139126
88141305
88177336
88198967
88204698
88279022
88280098
88301859
88336709
88341559
88368965
88382581
88443881
88449492
88449626
88470598
88472135
88476124
88476570
88531254
88533919
88534221
88546947
88572725
88573669
88586551
88638240
88655890
88694378
88714646
88716911
88725064
88725576
88748060
88754897
88774322
88806497
88806799
88848562
88848622
88882803
88933541
88950443
88958118
89005956
89026968
89044568
89056597
89061071
89096447
89115346
89179427
89267397
89278427
89308742
89364849
89372395
89431529
89441052
89447772
89470080
89480818
89508211
89529364
89537057
89565842
89600232
89614747
89618167
89642106
89645153
89680760
89683308
89717291
89723703
89726389
89744800
89807108
89820363
89858028
89881725
89920366
89935633
89966756
89971334
89989381
89991037
90006995
90047465
90053290
90054801
90068985
90074536
90175470
90204332
90220037
90270375
90290514
90308229
90360097
90369732
90383009
90389601
90409675
90421445
90456606
90500663
90537708
90566348
90621570
90649751
90687011
90693767
90706312
90741691
90833301
90837179
90845322
90905587
90916847
90981646
90985095
91012809
91047281
91061813
91102605
91120305
91161850
91178723
91181018
91219765
91223982
91275947
91292236
91316771
91359427
91372380
91378822
91380243
91404155
91425639
91436335
91462291
91504068
91507989
91527822
91528326
91528455
91538460
91545264
91548280
91576477
91601219
91674555
91692164
91693194
91694836
91696095
91763380
91782722
91784043
91795658
91870818
91904354
91928001
91937889
91963678
91966104
91967812
91987775
92049453
92050789
92054044
92059337
92073234
92103354
92109281
92131682
92188921
92194424
92202251
92212068
92236581
92258814
92344688
92411225
92422225
92431789
92447829
92571361
92580871
92596846
92674417
92674787
92690843
92693551
92696817
92699714
92815198
92826208
92885161
92911525
92925088
92942058
92964165
92988900
93010107
93018631
93021746
93049167
93053345
93055089
93113661
93125496
93126550
93231405
93235372
93264816
93281891
93314959
93320612
93324974
93330606
93330929
93350925
93351716
93371534
93373346
93390874
93394375
93395913
93429259
93444528
93487306
93503311
93519237
93531898
93536258
93581645
93611050
93630100
93694432
93702429
93710796
93733630
93814194
93832466
93851007
93865160
93875145
93883825
93899684
93929213
93930036
93944455
93993264
94017948
94026310
94030298
94035095
94067666
94089314
94102218
94121203
94159489
94184303
94190940
94200968
94202352
94202749
94217042
94256088
94268436
94269641
94270553
94278197
94292302
94301414
94305451
94308116
94317656
94319756
94329514
94331123
94361733
94376982
94383361
94396448
94414055
94485930
94496008
94508376
94540643
94568231
94572552
94577590
94583688
94622558
94647895
94698282
94713155
94717571
94739088
94764125
94773590
94785682
94788048
94814388
94839417
94913606
94955534
94959787
94964952
95003528
95005872
95058427
95066456
95080706
95124617
95126690
95142071
95151185
95244555
95264043
95272786
95273053
95353766
95379854
95418312
95424491
95434261
95447283
95449339
95495854
95527764
95543630
95561720
95566278
95597913
95618780
95655776
95697372
95701647
95716133
95736916
95763418
95770433
95784636
95873273
95888179
95898452
95939233
95946273
95959709
95985153
95989747
96040720
96042462
96122187
96145496
96148738
96155776
96200262
96225448
96229728
96272438
96279340
96281286
96288374
96321234
96343893
96359790
96453170
96459193
96480885
96502051
96515591
96520033
96544939
96558641
96567281
96612789
96717626
96720030
96721624
96755439
96811573
96848369
96882134
96915776
96925985
96940636
96942976
96959861
96961292
96965778
96983745
96986570
96990760
96991344
97005974
97032786
97050603
97079158
97111901
97166412
97193081
97205953
97210327
97222473
97224291
97332346
97341026
97376558
97411736
97415499
97440933
97486789
97494813
97501192
97522681
97537110
97563718
97673537
97681014
97694974
97709099
97709988
97716570
97720337
97730311
97744024
97750869
97821140
97845366
97859303
97860272
97862289
97912672
97916557
97918219
97926097
97939467
97976145
97998974
98015240
98022970
98053463
98059307
98098345
98099616
98123673
98136495
98155809
98170139
98182590
98204084
98206554
98231622
98232216
98238225
98240060
98244416
98247553
98279082
98313849
98321928
98337709
98341427
98360049
98364785
98371621
98376040
98406738
98433914
98468912
98485871
98488036
98529088
98535075
98536034
98547523
98554829
98559342
98613943
98638831
98642818
98671972
98694060
98730143
98738323
98746452
98775408
98783743
98804713
98847545
98879768
98962094
98977134
99000922
99010033
99058546
99074654
99075174
99080148
99091949
99136146
99144203
99161485
99162052
99200155
99208238
99241765
99270554
99279260
99282489
99310531
99321542
99378487
99422376
99446407
99464063
99479589
99522137
99534388
99540193
99561863
99562384
99565939
99595275
99604543
99618569
99623047
99700332
99707466
99710474
99732204
99836830
99856475
99864247
99879653
99890021
99894805
99922407
99923894
99956977
99989856
99989999
99990898
99999320
