10000
9999848
9997917
9995728
9993502
9993380
9990581
9990107
9988789
9986326
9985319
9984908
9980944
9979155
9973842
9973793
9973262
9972696
9969779
9968613
9968356
9968181
9967010
9964868
9964229
9962573
9961879
9961651
9961622
9961487
9961367
9961312
9960929
9960769
9959209
9959196
9959014
9955221
9954742
9953924
9953784
9953564
9952710
9952368
9950728
9948067
9947646
9946900
9946828
9946289
9944482
9944316
9942842
9942263
9942147
9936336
9935709
9933819
9931621
9931272
9928908
9928683
9927799
9927092
9926601
9926557
9926480
9925689
9924523
9923910
9921623
9921236
9920639
9920282
9918485
9918344
9917565
9916525
9915476
9915275
9914743
9914721
9913362
9910670
9910466
9909922
9909189
9907365
9906001
9905645
9904883
9904267
9904202
9903526
9903035
9902194
9901274
9900531
9899693
9899424
9898931
9897244
9896592
9895704
9893915
9892767
9892596
9892213
9891607
9891314
9890568
9890496
9889768
9889675
9889268
9889253
9888093
9887631
9886667
9881366
9880336
9879561
9877629
9874859
9874626
9874184
9874130
9873410
9872996
9872615
9871195
9870954
9870831
9870384
9870025
9868493
9867048
9864933
9864656
9864321
9861229
9860472
9859543
9859406
9858058
9857767
9856459
9854219
9853575
9852387
9851781
9848220
9846936
9846151
9840459
9839810
9837471
9835976
9835682
9832099
9831424
9830955
9830492
9828980
9826965
9826861
9826582
9826415
9824426
9824140
9823316
9823234
9822024
9821784
9821388
9818856
9818605
9818522
9816525
9814725
9814244
9814022
9813719
9812918
9812428
9812306
9811973
9810755
9809836
9808987
9807354
9806817
9806706
9805917
9805105
9805062
9804939
9804332
9803431
9802177
9801142
9800737
9800724
9799817
9799368
9798974
9796585
9795880
9795433
9795134
9795033
9794691
9794341
9794330
9794298
9794138
9792995
9792830
9792340
9790628
9790350
9788865
9787364
9787269
9787262
9785967
9784234
9784084
9783832
9783268
9782714
9782457
9782315
9781197
9780075
9779444
9777901
9777596
9777085
9776506
9775510
9774768
9773710
9772907
9772784
9772690
9769580
9767771
9767756
9767626
9766487
9765698
9765190
9764462
9763852
9763533
9763352
9762558
9761775
9761160
9756664
9756559
9756333
9755987
9755628
9755473
9755300
9753992
9753022
9752640
9751248
9750662
9750461
9749307
9748974
9748836
9748813
9748611
9747440
9745976
9745639
9745214
9743231
9741265
9739310
9738311
9735198
9734984
9732632
9730722
9728476
9727896
9727137
9726866
9726589
9726221
9726026
9725711
9725339
9725148
9724542
9724404
9723932
9722913
9720712
9720547
9717742
9716302
9715292
9713290
9713179
9713126
9712542
9712034
9711777
9710905
9709804
9709735
9709551
9709332
9708710
9707849
9706960
9705875
9704710
9704125
9703659
9700813
9699517
9692726
9690681
9688381
9688315
9687924
9685789
9685486
9683852
9683148
9682730
9681617
9681219
9678813
9678510
9678488
9678247
9675325
9674817
9673230
9672437
9670900
9669099
9668384
9667774
9667601
9666211
9665578
9665331
9663510
9663092
9661281
9660063
9658263
9655915
9655298
9653642
9653321
9652727
9651614
9651383
9650151
9649680
9647813
9646359
9646256
9645940
9644479
9643659
9642323
9641435
9641411
9641256
9639741
9639665
9639521
9638934
9638581
9638472
9638033
9637726
9637220
9635859
9633525
9633374
9632201
9631317
9631267
9629957
9629687
9629431
9628132
9628089
9627510
9626631
9625276
9623604
9621745
9620889
9620732
9617857
9615315
9613153
9613062
9611283
9610922
9609822
9608277
9607822
9607742
9607541
9605185
9603388
9602278
9601965
9601684
9601545
9599052
9598537
9598413
9597113
9595526
9594693
9593467
9591715
9590906
9590279
9589405
9586893
9586742
9586538
9585991
9585709
9584352
9582770
9582391
9581855
9580869
9579749
9578716
9578114
9576162
9575371
9574097
9573948
9573434
9572677
9568274
9568048
9567853
9563766
9562957
9561707
9561585
9561393
9561185
9560175
9559206
9559175
9557361
9555216
9554235
9553541
9552174
9551938
9551516
9550703
9550173
9548958
9546644
9545347
9545177
9544265
9541462
9540887
9538783
9538732
9535325
9534513
9534202
9532700
9531359
9531140
9529831
9528725
9526637
9525787
9525250
9522237
9521782
9520792
9520506
9520475
9520385
9520243
9519285
9517829
9517498
9516529
9516318
9513317
9512533
9512440
9512173
9511400
9510870
9510438
9510381
9509428
9509041
9508495
9508175
9506202
9504076
9504054
9502949
9502905
9502789
9501825
9500805
9499969
9494789
9494441
9494373
9493957
9493588
9493503
9490090
9489675
9488312
9487415
9485930
9485413
9484810
9482490
9481684
9481030
9478061
9476761
9475113
9474819
9472814
9470884
9469593
9468896
9468068
9467648
9466308
9465981
9465173
9462922
9462159
9461484
9459812
9459331
9459016
9457648
9457454
9456896
9456602
9453956
9451774
9450689
9449774
9449632
9449195
9449170
9446303
9445481
9445061
9444044
9443948
9443390
9443043
9442311
9442021
9441982
9439556
9438733
9438491
9436884
9436070
9435746
9434895
9434350
9433889
9433454
9432708
9431102
9430688
9429328
9429209
9428749
9426856
9426278
9426008
9425550
9425394
9425362
9424284
9423881
9422239
9421391
9419195
9418174
9416352
9415609
9415521
9414139
9411878
9410929
9410899
9410757
9410732
9408496
9407585
9407254
9404930
9404370
9403755
9401130
9398534
9396777
9396211
9395594
9395594
9395426
9394678
9393505
9391983
9391042
9390378
9389839
9388779
9388369
9386675
9386516
9386305
9385571
9383542
9382757
9382378
9381854
9381705
9380021
9379618
9379461
9378208
9377886
9377686
9377619
9376648
9376495
9376436
9375396
9372124
9371959
9369777
9369696
9369400
9367647
9367080
9367049
9366240
9365115
9364296
9361983
9359705
9358699
9357404
9356192
9356022
9355770
9354921
9353164
9353054
9351079
9350272
9349352
9349168
9348848
9348699
9345806
9345317
9345182
9344240
9341761
9337271
9337070
9335583
9335179
9334517
9334309
9333786
9332576
9332035
9331811
9331691
9328969
9328700
9323513
9318341
9316741
9315858
9315189
9314627
9314252
9313864
9313087
9312548
9312416
9309776
9309695
9309559
9309097
9308500
9307041
9306323
9306246
9306193
9305704
9304563
9304008
9302754
9298200
9297668
9297496
9297460
9297154
9296197
9295748
9293764
9292133
9289159
9289126
9289116
9288499
9286847
9285569
9283993
9283802
9283588
9282226
9281648
9278310
9274614
9268675
9267600
9267536
9267407
9267174
9265979
9265975
9265156
9262829
9262261
9260981
9260882
9260205
9260175
9259832
9255124
9253474
9251975
9251782
9250935
9250846
9250791
9250143
9249638
9248166
9247334
9247108
9245910
9245204
9245043
9244813
9243577
9241111
9240460
9239442
9237734
9237382
9236847
9235819
9235811
9234134
9233315
9228282
9228117
9228024
9227596
9227473
9227253
9227148
9227058
9225167
9225054
9223407
9223121
9221476
9220123
9218881
9217789
9215895
9215377
9214898
9214479
9214188
9211390
9210475
9210179
9209712
9207747
9205226
9204028
9202481
9201448
9200678
9199353
9198909
9196352
9195209
9195146
9194863
9194658
9194411
9193293
9193179
9192892
9191646
9189683
9188893
9188741
9188263
9187714
9187410
9187174
9187026
9186607
9186597
9185990
9184705
9184024
9181436
9178739
9177844
9177645
9176041
9174091
9173559
9173514
9172971
9172776
9172691
9172587
9171563
9170805
9169660
9165944
9165565
9165564
9165272
9164973
9163514
9163085
9160708
9159027
9159002
9157975
9156749
9155731
9155469
9154034
9152821
9152036
9151744
9151678
9150609
9150542
9149790
9148150
9145749
9145747
9144058
9144021
9143944
9142930
9141657
9141526
9140827
9138550
9137581
9137345
9132759
9132421
9131421
9130569
9130446
9129654
9129341
9128287
9127417
9126130
9125960
9124542
9123765
9123463
9122943
9122615
9122581
9121597
9121137
9120791
9119374
9118451
9114089
9108136
9104391
9102749
9101797
9100211
9098574
9097352
9095835
9090779
9088171
9087562
9087024
9083588
9081762
9080764
9080437
9075169
9075015
9072812
9070936
9070453
9066393
9066236
9065311
9063763
9063417
9060687
9060511
9055030
9054780
9054323
9052630
9050771
9050419
9049453
9049068
9047000
9045259
9042122
9041515
9041127
9041036
9039530
9037065
9034716
9032940
9032897
9032229
9029532
9028005
9027860
9026905
9026133
9024757
9022752
9022268
9021515
9020872
9020038
9019581
9017980
9013147
9012988
9012162
9011772
9009072
9006503
9004259
9004002
9003977
9002919
9002018
8999619
8999065
8998412
8997232
8997029
8995181
8992263
8991709
8991192
8989809
8987991
8987228
8984178
8983888
8983047
8982915
8982558
8981593
8981124
8980922
8979646
8979562
8979504
8978593
8977928
8977426
8973949
8973724
8972933
8971796
8971617
8970656
8968619
8968104
8967882
8965431
8963815
8963434
8963380
8963279
8962997
8960892
8959766
8959322
8958027
8956121
8956106
8955228
8954934
8954554
8953815
8953565
8953010
8950712
8949858
8949494
8949469
8947844
8947794
8947767
8947398
8947257
8947036
8946087
8946031
8944758
8943720
8941116
8940948
8940269
8939986
8937333
8936473
8936126
8935767
8934890
8933671
8932452
8932032
8931854
8931527
8930990
8930801
8929945
8929236
8929111
8928501
8928319
8928215
8927301
8927137
8926818
8926132
8925002
8924358
8922069
8921045
8919696
8919249
8918330
8917230
8917164
8915006
8913934
8908821
8908808
8908109
8907409
8906005
8905146
8904716
8904215
8903256
8902973
8902012
8901220
8900542
8890796
8890223
8889794
8888894
8888394
8888200
8887516
8885215
8884348
8883242
8878743
8878170
8877362
8877024
8876717
8872394
8871838
8871465
8870851
8869229
8867530
8866714
8865537
8865356
8864386
8862627
8861268
8861193
8860788
8859757
8859520
8859305
8859169
8858647
8858561
8858470
8857676
8856627
8856465
8855799
8854148
8851848
8851175
8851159
8849800
8849466
8848863
8847906
8847720
8844875
8844431
8844336
8842913
8842526
8841709
8841408
8839449
8839062
8838877
8838597
8837950
8836466
8836463
8835732
8835480
8834713
8832440
8832436
8832109
8828958
8828525
8825825
8824966
8823403
8822113
8821030
8820397
8819337
8819176
8815984
8815957
8815668
8814164
8813891
8813148
8812581
8811651
8811322
8811018
8810923
8810546
8809876
8806223
8803004
8802393
8801909
8800119
8799849
8797654
8797276
8796787
8796693
8796116
8795629
8795402
8792916
8790101
8787078
8782047
8779753
8777265
8776687
8776186
8774683
8774279
8772909
8771356
8771219
8767807
8765976
8765902
8765627
8764400
8764180
8763684
8761686
8761659
8758153
8757974
8756324
8755547
8754960
8754692
8754359
8751051
8750257
8750045
8748545
8747885
8747401
8746453
8746141
8745115
8745095
8744812
8744206
8744043
8743440
8743408
8743182
8741820
8741720
8738408
8737802
8737610
8736916
8736438
8736264
8735087
8734614
8733515
8732897
8731213
8730185
8729337
8729326
8725987
8724482
8723992
8723541
8722758
8722424
8720292
8720014
8717682
8717141
8713206
8712864
8707471
8707302
8706513
8704710
8704357
8704309
8700130
8699439
8696784
8693317
8692431
8692386
8691392
8688975
8687073
8687010
8685262
8685113
8684438
8684157
8682846
8682539
8681851
8681245
8679293
8679086
8678943
8678881
8677050
8675898
8674548
8673126
8671405
8670507
8669757
8669279
8667297
8667207
8664597
8663863
8663638
8663001
8662895
8662356
8661284
8660861
8660195
8659186
8658492
8657807
8656858
8656518
8654996
8653859
8652624
8652356
8652102
8651156
8646534
8646175
8643504
8641574
8641205
8639493
8638795
8638396
8638351
8638216
8637903
8637250
8635406
8635383
8634744
8634612
8634157
8633553
8632689
8631842
8631738
8631204
8630016
8629582
8627411
8626404
8626325
8626007
8625542
8625274
8625123
8625097
8625097
8622497
8621164
8620334
8619639
8619363
8618152
8617396
8614672
8612155
8611623
8607525
8603536
8601410
8601374
8600433
8598759
8596907
8596645
8595467
8595153
8595077
8593033
8592503
8590334
8589631
8589079
8583097
8581568
8580193
8579453
8578413
8577825
8577673
8576332
8575169
8574915
8574045
8573174
8572200
8571792
8571175
8567819
8567707
8563576
8560378
8559575
8558293
8557945
8557177
8557008
8554819
8554506
8552987
8550393
8548910
8547384
8546151
8542339
8541015
8540681
8540167
8539767
8538254
8538084
8536118
8535655
8533270
8530371
8528488
8528307
8527860
8526194
8526129
8525331
8525222
8523873
8521660
8519107
8518551
8518223
8518127
8517476
8517278
8512507
8512360
8512187
8511750
8509863
8509644
8505783
8504454
8502717
8502627
8502322
8501554
8500207
8499723
8499641
8498298
8498059
8496486
8495795
8494838
8493172
8492601
8491483
8490048
8489911
8489082
8488875
8486117
8486057
8485061
8484560
8484134
8483764
8483414
8482886
8482871
8482022
8480592
8479413
8478490
8476968
8476523
8476386
8476061
8474337
8473571
8472622
8470386
8469884
8468622
8468091
8466899
8466025
8465827
8465358
8463601
8463345
8462987
8461937
8460717
8459174
8458680
8457455
8454846
8454418
8454044
8452995
8452892
8451846
8451585
8443222
8443018
8441884
8440429
8440423
8437242
8436359
8435980
8435463
8433794
8432050
8431426
8431038
8430927
8429835
8429458
8428117
8426617
8423858
8423655
8421077
8420398
8419067
8417985
8417645
8416677
8414158
8412601
8412115
8410833
8408859
8408537
8407678
8407494
8407224
8406769
8406699
8406317
8406309
8405669
8404712
8404698
8403872
8403485
8403126
8402713
8400520
8399260
8397807
8397418
8396012
8395730
8391822
8391443
8391194
8389421
8388956
8388461
8386880
8385290
8382352
8382089
8380647
8376658
8376029
8374336
8372919
8372072
8372025
8371178
8369423
8367149
8366281
8365792
8363969
8362946
8361787
8360386
8359908
8359090
8355162
8353926
8353686
8351864
8351410
8351349
8350732
8350068
8349978
8349866
8349839
8349769
8349270
8349249
8349092
8349076
8349025
8348688
8348402
8345790
8345536
8345281
8344886
8343018
8342632
8342470
8342243
8341021
8340254
8338706
8338454
8338269
8338215
8336140
8334471
8334456
8332175
8332086
8331626
8330884
8329637
8328526
8326055
8324667
8323815
8320522
8320017
8319630
8319158
8318506
8318253
8318063
8317729
8317629
8317187
8317103
8317001
8316987
8315765
8315057
8313857
8312627
8311243
8310941
8310188
8309101
8308913
8308743
8304940
8303537
8303229
8302706
8302630
8302183
8301630
8299896
8299278
8298221
8297592
8296462
8294128
8293637
8293082
8292227
8290832
8285898
8285655
8285001
8284825
8284388
8282412
8282190
8280965
8279889
8279278
8278689
8278138
8277848
8276633
8276582
8275962
8275854
8275325
8272579
8272512
8272024
8271036
8270573
8268702
8268677
8268656
8268469
8267418
8265928
8265720
8262776
8262003
8260492
8260403
8259608
8259184
8257117
8256947
8256929
8256221
8255992
8255904
8255172
8253979
8253270
8251821
8251514
8251361
8249278
8248743
8247787
8247492
8247121
8247099
8245575
8245574
8244636
8243816
8241678
8241662
8241035
8239211
8237313
8235984
8235838
8235613
8234191
8234149
8233356
8233156
8232833
8232238
8231794
8229921
8229326
8228454
8228147
8227091
8226911
8226587
8226471
8225003
8224700
8222924
8222586
8222580
8222409
8221346
8218183
8217977
8217915
8217910
8217767
8216877
8215139
8213711
8212336
8211398
8210948
8210717
8210105
8209970
8208949
8206683
8204723
8204536
8203234
8200930
8199397
8198408
8198101
8197247
8197130
8195368
8194898
8193746
8192809
8192798
8191913
8191375
8190555
8190298
8189289
8188941
8188933
8188832
8186621
8186313
8185340
8185046
8184654
8184241
8180782
8180754
8180729
8178482
8178203
8176192
8174281
8173561
8173326
8172188
8171909
8171671
8170433
8169726
8169100
8168225
8165339
8165186
8164073
8163087
8162252
8161292
8161150
8161095
8159499
8158411
8156939
8152856
8152064
8151403
8150380
8149964
8148709
8147871
8147272
8144558
8144105
8143636
8143395
8141814
8141611
8140640
8140073
8139970
8139946
8139062
8138241
8137656
8137111
8136269
8135929
8135077
8134846
8133892
8131438
8130765
8130394
8129682
8129665
8129130
8127776
8127458
8126687
8126308
8126297
8125880
8125032
8124471
8124359
8124064
8123789
8123406
8123292
8121955
8117010
8115216
8114849
8113744
8112165
8111924
8111630
8110172
8109840
8106102
8105515
8105493
8102377
8102373
8102316
8100288
8098599
8098472
8098280
8097821
8096962
8096651
8094346
8093046
8088072
8087730
8083326
8082359
8081051
8079987
8078839
8076779
8076358
8076341
8076105
8076016
8074742
8072564
8072134
8071034
8069775
8069104
8065897
8063389
8062774
8062461
8061053
8060741
8060447
8060150
8058564
8058503
8054755
8052268
8051468
8051151
8049374
8046769
8045584
8043336
8042739
8042556
8042418
8041240
8038249
8035223
8034496
8034266
8033892
8033450
8031349
8029111
8027324
8026925
8025354
8024902
8024736
8024222
8023172
8018147
8017244
8016039
8014421
8013206
8012267
8011303
8011209
8011141
8010107
8009654
8009394
8008890
8004461
8003865
8002057
7999527
7999008
7998584
7998363
7996617
7996054
7995062
7994998
7994846
7994667
7994547
7994286
7993553
7992650
7991030
7990771
7990107
7989971
7988682
7985819
7985066
7984429
7981911
7980123
7979380
7978212
7977882
7976786
7976636
7975476
7975280
7974659
7973712
7973575
7972367
7972149
7971618
7967351
7967291
7966299
7966182
7965696
7965584
7965488
7963989
7963768
7963559
7963146
7962451
7962073
7961068
7958319
7958053
7958052
7956472
7955899
7955623
7955318
7953839
7953429
7953186
7952215
7952213
7951278
7950525
7950127
7949392
7948166
7948164
7948041
7947682
7947199
7945939
7944225
7944073
7943442
7943031
7941536
7938712
7938420
7937252
7937160
7936965
7936499
7934730
7934593
7933128
7932989
7932738
7931310
7930176
7928901
7928162
7927379
7927177
7926978
7926950
7926198
7924317
7923139
7921331
7921311
7920235
7919831
7919604
7918606
7918018
7916164
7914919
7912958
7911810
7910845
7910590
7909620
7909415
7908906
7908056
7907560
7907490
7907268
7906873
7906467
7905154
7904657
7902898
7902347
7901166
7900728
7900211
7898742
7898311
7898206
7898102
7897063
7896517
7894894
7892579
7891556
7891161
7890924
7890333
7889385
7888152
7887637
7886873
7886499
7885417
7883368
7883048
7883020
7879140
7878016
7877825
7877084
7876921
7876722
7876615
7875674
7874703
7874481
7874316
7874107
7873426
7872850
7871458
7870404
7870182
7869694
7868187
7867536
7867174
7866837
7866661
7866189
7865314
7865143
7864391
7863336
7861312
7860697
7860497
7860496
7858674
7858437
7857624
7855446
7854689
7853009
7852939
7850579
7848836
7847551
7846769
7844692
7844353
7843757
7841610
7840985
7838655
7836562
7836543
7835180
7834646
7833664
7832303
7831495
7831081
7829345
7828683
7822236
7820654
7817505
7817105
7816534
7816249
7816132
7815227
7813896
7813272
7812226
7812043
7810927
7810322
7808985
7808865
7808021
7807592
7805788
7805773
7804651
7804439
7803457
7800604
7799641
7798836
7796395
7795728
7795173
7793118
7792867
7792525
7792324
7791261
7791039
7788868
7788044
7785592
7785378
7784756
7784586
7784554
7781778
7779200
7778797
7778168
7777416
7776017
7775522
7774994
7771871
7770773
7768536
7768067
7767734
7767668
7763697
7762495
7762422
7760561
7759401
7759148
7758959
7758528
7751937
7751057
7750059
7748272
7746078
7745755
7745334
7743863
7741433
7740595
7733754
7733493
7732979
7731576
7730338
7729681
7728358
7727630
7726887
7726811
7726192
7725973
7725136
7724923
7724688
7723332
7722897
7722736
7722074
7721531
7721223
7718643
7716820
7715457
7711654
7711001
7710108
7709445
7709274
7708494
7708460
7707957
7707378
7706925
7706593
7706539
7706388
7706324
7706103
7706086
7705724
7703888
7703684
7703524
7703217
7703030
7701091
7700958
7698845
7698628
7697279
7694703
7693895
7692930
7692530
7692096
7692005
7690203
7688033
7686385
7685706
7684405
7683089
7680685
7680258
7679335
7676503
7675352
7675086
7673960
7673749
7673096
7672463
7669773
7668099
7667790
7667056
7665174
7664936
7664883
7664347
7662957
7662171
7661684
7660640
7658604
7658359
7658105
7657938
7656611
7656393
7656154
7655900
7654692
7653986
7653365
7652398
7651871
7651555
7650615
7647917
7647818
7647072
7646681
7646612
7646597
7646156
7645071
7643891
7643260
7642366
7642231
7642101
7641955
7640911
7640466
7639879
7637628
7634715
7632831
7632487
7631699
7631607
7630030
7629520
7627990
7626722
7626330
7625572
7625262
7623710
7623350
7619637
7619537
7614294
7613926
7613651
7613541
7613461
7613051
7612545
7610588
7610133
7610035
7608757
7606883
7606096
7606049
7605346
7602282
7600018
7598431
7597377
7597311
7597123
7596709
7595602
7594930
7594010
7592343
7591789
7590785
7590527
7589680
7589278
7586051
7584637
7582727
7582654
7582544
7582196
7582115
7581590
7579338
7576940
7575614
7574795
7572872
7570911
7569162
7567973
7566550
7564864
7564210
7563678
7560022
7559786
7558753
7558594
7558076
7555032
7554113
7553511
7552690
7552535
7552258
7551513
7551317
7551130
7551072
7548341
7547500
7547146
7545932
7544681
7544099
7543159
7542298
7537055
7535642
7531635
7531438
7528435
7528268
7528192
7526354
7525775
7524951
7524680
7522438
7521715
7520394
7520361
7520092
7518953
7516923
7516568
7516003
7515604
7512935
7511970
7511031
7510959
7509524
7508941
7507519
7506039
7503338
7500014
7499393
7499274
7498088
7497278
7497005
7496780
7495738
7495463
7494627
7494237
7494169
7488735
7488218
7487694
7487031
7485697
7485630
7485025
7483970
7483675
7483529
7482009
7480886
7479836
7478432
7478391
7478017
7477383
7477256
7475673
7475571
7474692
7474170
7473856
7473080
7472731
7472646
7471547
7471386
7470127
7469497
7465288
7464220
7464051
7463587
7463391
7463087
7462767
7462186
7461384
7460837
7457246
7455635
7454489
7454159
7453665
7452515
7452362
7451389
7451165
7451147
7450563
7448659
7447095
7444960
7444740
7444356
7443070
7442955
7441889
7441863
7441519
7441282
7440449
7437888
7437469
7437182
7437158
7436989
7435262
7434544
7434455
7434336
7434060
7434058
7432339
7431673
7430819
7430712
7430216
7429691
7429315
7428489
7428464
7426500
7424530
7424125
7422923
7421447
7418734
7417861
7416723
7414050
7413209
7412997
7411469
7411313
7411211
7409558
7408511
7408427
7405598
7405529
7404076
7401990
7400413
7399799
7399787
7398800
7398456
7398434
7396411
7395887
7395110
7394708
7388151
7387781
7387477
7386935
7384697
7383910
7381448
7380927
7380899
7378533
7377990
7377796
7374394
7370865
7370182
7369013
7368273
7366399
7363782
7363757
7363564
7362613
7360571
7359806
7359732
7359066
7356822
7356681
7354846
7353620
7352189
7350910
7345369
7345345
7343399
7342867
7342629
7342138
7341187
7337988
7337960
7337219
7335931
7334385
7332822
7332815
7331995
7331620
7330968
7330324
7328592
7326297
7325577
7325000
7324170
7323445
7323418
7319680
7317968
7314784
7314705
7314350
7310637
7310308
7307695
7306940
7305429
7304525
7303911
7303160
7302720
7302701
7302079
7298056
7297475
7296825
7294919
7294866
7293602
7291815
7291776
7291091
7291025
7289957
7289637
7289633
7288720
7287558
7286636
7286217
7285293
7284491
7284065
7283676
7283578
7282350
7281867
7279393
7279251
7278609
7277733
7275495
7275085
7274691
7273418
7273066
7272605
7272371
7271395
7271073
7270641
7269145
7268005
7267978
7267733
7265085
7262879
7260871
7260220
7258752
7257219
7257208
7254631
7252544
7252201
7251839
7251757
7251535
7250489
7247107
7246969
7246675
7246323
7244899
7244021
7243411
7241066
7239175
7239159
7236799
7236550
7235134
7233368
7233276
7232641
7230705
7229618
7227982
7227840
7226042
7226007
7225837
7224406
7224038
7223208
7221831
7220236
7219435
7218663
7218545
7218248
7215429
7215176
7214904
7214478
7214024
7213469
7213461
7212299
7211855
7211067
7209942
7209454
7208887
7208884
7207538
7207132
7206210
7206147
7205944
7205613
7205528
7204304
7202013
7201230
7199388
7198146
7198017
7196295
7196149
7194700
7193846
7191544
7190394
7190008
7189840
7189368
7189250
7189223
7187849
7187234
7185615
7185207
7182002
7181171
7180227
7179521
7179287
7178625
7178360
7178252
7176669
7176301
7173829
7173309
7172432
7169681
7168258
7167620
7167597
7167204
7166392
7163728
7160881
7159420
7158709
7157621
7153368
7153156
7151704
7148210
7147050
7146727
7145048
7143965
7143508
7141376
7141221
7140239
7139861
7139602
7137553
7137180
7134909
7133908
7133504
7131005
7130554
7128160
7127136
7123782
7123240
7121914
7121306
7120947
7120455
7119926
7118573
7118416
7117917
7115916
7114252
7113627
7112172
7111823
7111466
7108084
7107079
7107079
7106638
7104390
7102350
7102099
7100531
7097166
7096334
7095424
7095390
7095205
7094492
7093867
7093054
7092475
7091619
7091590
7090304
7089966
7089835
7088031
7087983
7086707
7086157
7085410
7083334
7082794
7082721
7081467
7080889
7079990
7076953
7074970
7074713
7074061
7072792
7072599
7072324
7071728
7071512
7070338
7070026
7069432
7067285
7066941
7066898
7066575
7066125
7065952
7064032
7060986
7060494
7059548
7059493
7059386
7057820
7055744
7055095
7054184
7053937
7053012
7050974
7050256
7049060
7048593
7047898
7047402
7046768
7046009
7045989
7045241
7041480
7040756
7040739
7039648
7038868
7038001
7037141
7035773
7035265
7034010
7032985
7032058
7031870
7031722
7031618
7030843
7030007
7029234
7028644
7027191
7026622
7026252
7024999
7023747
7023304
7022859
7021781
7021347
7019562
7017717
7017280
7016848
7015011
7014848
7012687
7010981
7010017
7009975
7007816
7006487
7005158
7002999
7001957
7001820
7001556
7001207
6999339
6994712
6994712
6989034
6988721
6988380
6988156
6987240
6986480
6985688
6985563
6985515
6984783
6984161
6983474
6982074
6980703
6979958
6979800
6978652
6978175
6977645
6975876
6975096
6973200
6973134
6973061
6972547
6970535
6969605
6969079
6968714
6967811
6965525
6964758
6963355
6963293
6963073
6962738
6962093
6957900
6954630
6953219
6952887
6950208
6948447
6947903
6947640
6946732
6945170
6943620
6943508
6942826
6940841
6939680
6939234
6938783
6938620
6938053
6931412
6931208
6931124
6930420
6930052
6927810
6927571
6927076
6925865
6924880
6923775
6919447
6919142
6918531
6918418
6917804
6916982
6916894
6916321
6914949
6912518
6910837
6910833
6908367
6904779
6904368
6904367
6903878
6902663
6902299
6900963
6899356
6899339
6897732
6897609
6896478
6895903
6895295
6890476
6890261
6889662
6888792
6888662
6888498
6888464
6886068
6885837
6884874
6884598
6883654
6883516
6882785
6882655
6881334
6881161
6880520
6876142
6875233
6873834
6872217
6871900
6870574
6870353
6869833
6867875
6867756
6867643
6866870
6866447
6866230
6865097
6864617
6863955
6862686
6860174
6855991
6854418
6854001
6853053
6850447
6850427
6850045
6849837
6849534
6849197
6849067
6845573
6844983
6842657
6840744
6840576
6840175
6836201
6836132
6835304
6834303
6834007
6833498
6833207
6832668
6832502
6832011
6828989
6828777
6828400
6827873
6827385
6827265
6827078
6826431
6825924
6825748
6824624
6823285
6822847
6822159
6821785
6820811
6820209
6819284
6817944
6817498
6817389
6816251
6813904
6813524
6811961
6810690
6810578
6809402
6808420
6807697
6806449
6806336
6805437
6804626
6801490
6801252
6797148
6797118
6795069
6794532
6793116
6793047
6792641
6792184
6790327
6789025
6788127
6787344
6787309
6784431
6784402
6782395
6780436
6779884
6779805
6779390
6778777
6777676
6776435
6776292
6775935
6775698
6774500
6773277
6767685
6767488
6766401
6765320
6763728
6762530
6761964
6760881
6760043
6759945
6757794
6757596
6756243
6755870
6754189
6753135
6752965
6752835
6752526
6750454
6749513
6747515
6747154
6746601
6746378
6746277
6744117
6744031
6743736
6743090
6741858
6741378
6741284
6740524
6740372
6740288
6738710
6738706
6738243
6738098
6735358
6735135
6733365
6732260
6731922
6731920
6731557
6731044
6729896
6728278
6727817
6727239
6725143
6724861
6724541
6723585
6723178
6723096
6722614
6722506
6721851
6721375
6719968
6719837
6719806
6718961
6718404
6716962
6715557
6713253
6712567
6711948
6711734
6709228
6708715
6708211
6707219
6706615
6705228
6704835
6698365
6697987
6697159
6694967
6694839
6694493
6693080
6692195
6691906
6690737
6688112
6687133
6684334
6684252
6684221
6684153
6683351
6680937
6679586
6679232
6677072
6673483
6672613
6670411
6669023
6668240
6668131
6668007
6667435
6666085
6664232
6664125
6662663
6662118
6660963
6660764
6657410
6657354
6657320
6656549
6656172
6655331
6653985
6653968
6653850
6653509
6652999
6651487
6649259
6647584
6647129
6646775
6646288
6643515
6643491
6642836
6641792
6640185
6639528
6638685
6638019
6636425
6636363
6635242
6633525
6633412
6632313
6631425
6630977
6629645
6629329
6628538
6627491
6626914
6626839
6626291
6624330
6623405
6622892
6621386
6621114
6620654
6617365
6616881
6614346
6612504
6610782
6610482
6609999
6609241
6606877
6606723
6606687
6606624
6606553
6605569
6605097
6604547
6604162
6602614
6602244
6602192
6601289
6601114
6600618
6600488
6598801
6597818
6593022
6592871
6591031
6590004
6589041
6586218
6583986
6582263
6582130
6581770
6580677
6578445
6577301
6574892
6574599
6570999
6570897
6570574
6570448
6570365
6569262
6568744
6565063
6564436
6560149
6559997
6559902
6559826
6558909
6557762
6557329
6557314
6556371
6556214
6555989
6555821
6555723
6555153
6554852
6554362
6553470
6553060
6552115
6550643
6549259
6546339
6545386
6545074
6542480
6542390
6541871
6540006
6538801
6537575
6537041
6536045
6534858
6533249
6533223
6532673
6532216
6529457
6529145
6527943
6526291
6525344
6525134
6524318
6524318
6524094
6523186
6521703
6519431
6517789
6516815
6516233
6513068
6511689
6510319
6509569
6508698
6504766
6503830
6501665
6500421
6499373
6495743
6492338
6491203
6490737
6490482
6488984
6487724
6486608
6486157
6485989
6483237
6481490
6481423
6476550
6475114
6474774
6474634
6472925
6469070
6468830
6467526
6467083
6467043
6466780
6466694
6465272
6461813
6461221
6460895
6460582
6460275
6459580
6457284
6456500
6456255
6453821
6453468
6453039
6449162
6447259
6447009
6445433
6445291
6442861
6442737
6438406
6434056
6433337
6433136
6432589
6431861
6429144
6428840
6427701
6427624
6427100
6426232
6423227
6423208
6421093
6419737
6419087
6418468
6418081
6414612
6413891
6413769
6413304
6412510
6410120
6408509
6408493
6408128
6408121
6407656
6405638
6404476
6403393
6401652
6400298
6399509
6399422
6397165
6396329
6395663
6395382
6394273
6393174
6392347
6390289
6390287
6390154
6387495
6387094
6384494
6383650
6383329
6383019
6382207
6379716
6378155
6377540
6375538
6374037
6372991
6372788
6372766
6372552
6371106
6370930
6370368
6370365
6369782
6368264
6367976
6367718
6365917
6364911
6364486
6362936
6362846
6359418
6357620
6354687
6354299
6353744
6353402
6352289
6351345
6351157
6351075
6348904
6348474
6348397
6348249
6347725
6346990
6346380
6337453
6335201
6334355
6334143
6333876
6333850
6333771
6332022
6331763
6331063
6330721
6330597
6330553
6330034
6328969
6327818
6326939
6326741
6326418
6326230
6325790
6324994
6324931
6324884
6324635
6324051
6323565
6323541
6320405
6319325
6318652
6317923
6317634
6317426
6314935
6314909
6314738
6313302
6312478
6311561
6311118
6309954
6304956
6302743
6300172
6299075
6298923
6297600
6296486
6296150
6295153
6294915
6291807
6291340
6290500
6290105
6289314
6289129
6286672
6286270
6285485
6284359
6284344
6284285
6282729
6282553
6282308
6281878
6281709
6281635
6281211
6277738
6272264
6272200
6271756
6271715
6270902
6270777
6270758
6270196
6269052
6268291
6266725
6265723
6265473
6265329
6263780
6262859
6262705
6262622
6262460
6262079
6261999
6261700
6259708
6258410
6257047
6256968
6255997
6255500
6254664
6253653
6253302
6250534
6249907
6248392
6248281
6247204
6245121
6245043
6244178
6243069
6242869
6242486
6241430
6240583
6238418
6238322
6237999
6237643
6237460
6236103
6233955
6232546
6231898
6231106
6228776
6227912
6227248
6226653
6224622
6224519
6222816
6222035
6221836
6220787
6220689
6219911
6219629
6218792
6217514
6217165
6215961
6215890
6215129
6214045
6213992
6212712
6211417
6206246
6206226
6205647
6205091
6203813
6203227
6203033
6203022
6202810
6202500
6202288
6202273
6201306
6200960
6200681
6199262
6199078
6195795
6195202
6194757
6194630
6193569
6189982
6188124
6186643
6185784
6184700
6184529
6184499
6184346
6182543
6182365
6180630
6178995
6174762
6173667
6173215
6172686
6172092
6169175
6164749
6164598
6162224
6160592
6160345
6160243
6159924
6159122
6158267
6157176
6156545
6155997
6155129
6154226
6151608
6151466
6151105
6151030
6150332
6149045
6147559
6147405
6146912
6146464
6146211
6145958
6145943
6144961
6142868
6142710
6142327
6142314
6141887
6141511
6138742
6138157
6137929
6136709
6136155
6135715
6134931
6132616
6130486
6130450
6130035
6129836
6129766
6129558
6128635
6128342
6127622
6127219
6124174
6123852
6123502
6122715
6122384
6121335
6120873
6118773
6118363
6117729
6117459
6117187
6116224
6116212
6116088
6115371
6114606
6113577
6112537
6111445
6110685
6108613
6107580
6106277
6105770
6104066
6103630
6103201
6102165
6101640
6101346
6101342
6100289
6098783
6097481
6096861
6096130
6091891
6089954
6086965
6085175
6085148
6082916
6082053
6080253
6079982
6078470
6077285
6077236
6076583
6076356
6075846
6073275
6071968
6070077
6068201
6067944
6067925
6067294
6066387
6062906
6061841
6060773
6060516
6057691
6056182
6054975
6051628
6051328
6051305
6050607
6050400
6048031
6047701
6046247
6045411
6044472
6044366
6044063
6044000
6042533
6041974
6041783
6039026
6037215
6036181
6034538
6033816
6032030
6031366
6030019
6028753
6028750
6027913
6027389
6025109
6023269
6020647
6019501
6018747
6018363
6018104
6016232
6015525
6015518
6014582
6013634
6012836
6012115
6010568
6009454
6009161
6008986
6008270
6007482
6007426
6006225
6006066
6005967
6004772
6004077
6001500
6001248
6001192
6000162
5999991
5999304
5997623
5995356
5993693
5992285
5989989
5988681
5988345
5987997
5987862
5987684
5985184
5981762
5981395
5981302
5981031
5980682
5978324
5976452
5976408
5976234
5975367
5973765
5971969
5970609
5970565
5969983
5969796
5969168
5968760
5966607
5966216
5962958
5962683
5962353
5959937
5959380
5959329
5958640
5958324
5956966
5956790
5956122
5956051
5954105
5950597
5946640
5945309
5944788
5944114
5943464
5943034
5942503
5941729
5941006
5940753
5940747
5936211
5935471
5929823
5927709
5927388
5924819
5924623
5923546
5923513
5923129
5921786
5921618
5919309
5919114
5919101
5918323
5917669
5917347
5917081
5916512
5915993
5915512
5914451
5914420
5914329
5912164
5911426
5909440
5908890
5907939
5907272
5906831
5906372
5904799
5903737
5903660
5903307
5902331
5899452
5896474
5896159
5894479
5893498
5892101
5889383
5889297
5887248
5887097
5884680
5884198
5883519
5882938
5882185
5882036
5881296
5881215
5880514
5878943
5878710
5877144
5876808
5876362
5876211
5876135
5873860
5873143
5872058
5871620
5869613
5869322
5867400
5867304
5866047
5865144
5864823
5864715
5864540
5864508
5861785
5861710
5861686
5861206
5860732
5860437
5859477
5859330
5858809
5858406
5858333
5857782
5857070
5854946
5852126
5851652
5850573
5850317
5848954
5848935
5847292
5845233
5843962
5843870
5843728
5843546
5843546
5843230
5841257
5839253
5838716
5837900
5837256
5837161
5833913
5832794
5831682
5831493
5829687
5828836
5828308
5826527
5825857
5825711
5825430
5823916
5823071
5820579
5820009
5817904
5816400
5814423
5814074
5810270
5810017
5809592
5809249
5807527
5805503
5804634
5803484
5802536
5800633
5798930
5798734
5796317
5795570
5795088
5795035
5794994
5794477
5792473
5791503
5791360
5790256
5789759
5788742
5788112
5787589
5787083
5784484
5782675
5781301
5779999
5779713
5776279
5775175
5773489
5772534
5772428
5771431
5767320
5763550
5763410
5762214
5759893
5758798
5758415
5757332
5757148
5755506
5755227
5753311
5752593
5752575
5750111
5746752
5746513
5746196
5744782
5744332
5742994
5742910
5742877
5742646
5742306
5741260
5739673
5739375
5738585
5738501
5738055
5737612
5736462
5735051
5734662
5733715
5733250
5732087
5731863
5730611
5730453
5729357
5729294
5728777
5728753
5727614
5727462
5727351
5726875
5726243
5725708
5725261
5723135
5722704
5721730
5721429
5719144
5715801
5715115
5715070
5714127
5711200
5710491
5710322
5710182
5710136
5710015
5709569
5709563
5707497
5707378
5705937
5705803
5705771
5704574
5702516
5701912
5701330
5701087
5699530
5699502
5699076
5696180
5695784
5694148
5693731
5693718
5693104
5692869
5692332
5691403
5691068
5690687
5686094
5685508
5684865
5684439
5684128
5683719
5683577
5681931
5678708
5673716
5671793
5671761
5671237
5671065
5670865
5670843
5668960
5666363
5664549
5663207
5662879
5662617
5661612
5661512
5661124
5660805
5660008
5659160
5658877
5656778
5656118
5655603
5654580
5654151
5653725
5653677
5651831
5651083
5650612
5648141
5647162
5644788
5644122
5642576
5642069
5641913
5639992
5639820
5637771
5636950
5635603
5635189
5633739
5630684
5629416
5629284
5628601
5628239
5626867
5625974
5624905
5622754
5622412
5622222
5620398
5619916
5617908
5617462
5617161
5615191
5614676
5614383
5612972
5612370
5607903
5607865
5607860
5606229
5605499
5605395
5605099
5604570
5604434
5603716
5602907
5600180
5599715
5599633
5594975
5594323
5593784
5593646
5593581
5592780
5591254
5590524
5589749
5589459
5588492
5588126
5587940
5586338
5586040
5585946
5585013
5584912
5583346
5582238
5580865
5577928
5577600
5577393
5577188
5576824
5575779
5574158
5572256
5570072
5569540
5568173
5568134
5567307
5567083
5566469
5564421
5564280
5560385
5557873
5557489
5557441
5555571
5554367
5550675
5550376
5548955
5547950
5547526
5545756
5544978
5544845
5544314
5544109
5543985
5543923
5539433
5539370
5537934
5537914
5537251
5536541
5536484
5535756
5533589
5532262
5531398
5531269
5530239
5529655
5528701
5527709
5526633
5526086
5524416
5518345
5516793
5516525
5514436
5511933
5508524
5508281
5508030
5507759
5506485
5504664
5503305
5502482
5501942
5499002
5498232
5496998
5496260
5495212
5494764
5494209
5492312
5491792
5491444
5491037
5490827
5489778
5488712
5488694
5487894
5487363
5485547
5484921
5483103
5483053
5482757
5482363
5481767
5479016
5476169
5475318
5473124
5472599
5471223
5470689
5470021
5470013
5467698
5466815
5465878
5465065
5464303
5464291
5463834
5462013
5461942
5461068
5461005
5460312
5459410
5458050
5455600
5454208
5450632
5450173
5450170
5449682
5449470
5449078
5448987
5448762
5446997
5445750
5445089
5442653
5442552
5442370
5438869
5436666
5436590
5433236
5432887
5432834
5432831
5431204
5431146
5429587
5425909
5425655
5424624
5424185
5423342
5422748
5420761
5419290
5418498
5416435
5416379
5416027
5414797
5414302
5413845
5413830
5413544
5412940
5412343
5412194
5412144
5409804
5408547
5407348
5406643
5405530
5405133
5405015
5403513
5403201
5402233
5400259
5400107
5399462
5398980
5398617
5398096
5393748
5393734
5393341
5389820
5387460
5385132
5383782
5383060
5381815
5381294
5378213
5377000
5376877
5375948
5375709
5375534
5375113
5372467
5371177
5370974
5370005
5369164
5366371
5364723
5363775
5363615
5362760
5362582
5359646
5358568
5358488
5358343
5356702
5356517
5355389
5354400
5354326
5353843
5353558
5352763
5351162
5350983
5350334
5346770
5342096
5341296
5340898
5340382
5340191
5339930
5339154
5338499
5338434
5336577
5333273
5331142
5330816
5329627
5329304
5327022
5327001
5326150
5326054
5325810
5324319
5324166
5324116
5323552
5322336
5322243
5320373
5319834
5319503
5318543
5318484
5318184
5315877
5313703
5313398
5312784
5312365
5312365
5311478
5310875
5310130
5308840
5308335
5305525
5305494
5304947
5301798
5299564
5299204
5296400
5296364
5294695
5294275
5293931
5293616
5293505
5290606
5289401
5289234
5288091
5288001
5287841
5287559
5284460
5284371
5282203
5282075
5281850
5281141
5278692
5276273
5275493
5273621
5272989
5272586
5272108
5270884
5268613
5268569
5268475
5268223
5267238
5266881
5266617
5266332
5265734
5264918
5261669
5259634
5258976
5257582
5256320
5256033
5254913
5254013
5253924
5252897
5252669
5251883
5251248
5251032
5250472
5249877
5248921
5246947
5245518
5245411
5244149
5244086
5243663
5242754
5241494
5239955
5239691
5239501
5239410
5239193
5237667
5233422
5231488
5230942
5228169
5224637
5222408
5220758
5217774
5217412
5215928
5214547
5214288
5213974
5211740
5210899
5210690
5210309
5209610
5209533
5209520
5208756
5208736
5208506
5208236
5206468
5206195
5205879
5205646
5205604
5205431
5204573
5204204
5203531
5203413
5203201
5201652
5200855
5200642
5198807
5197948
5197306
5197187
5197090
5196604
5196041
5195220
5194851
5194658
5194490
5193782
5193180
5192979
5192165
5191998
5190083
5188984
5188549
5186285
5185497
5184040
5183796
5183715
5183014
5182969
5181712
5181498
5181024
5180649
5179777
5178465
5178073
5177639
5175087
5174720
5172521
5172422
5171723
5166349
5165404
5164779
5160878
5160386
5159349
5158621
5157858
5157012
5153714
5152982
5152807
5152215
5152057
5150521
5150442
5150140
5150070
5148677
5146878
5146591
5146329
5146112
5144055
5142812
5140377
5140349
5138654
5138494
5137959
5136793
5135780
5132976
5127793
5127558
5125588
5125271
5122667
5122486
5121938
5121554
5118728
5118712
5118644
5118596
5117477
5117349
5117213
5116626
5116242
5113508
5113128
5111437
5111094
5110377
5108945
5108748
5107922
5106255
5100637
5099729
5099643
5099444
5098706
5097404
5097384
5097255
5097204
5096640
5096499
5095631
5094752
5093485
5093101
5090733
5089883
5089816
5089334
5088373
5086700
5085300
5083581
5081646
5079106
5076755
5074704
5074536
5074177
5073154
5072772
5071240
5068722
5067616
5065952
5065169
5064317
5060887
5060111
5058960
5057131
5055750
5054583
5054479
5052892
5051428
5049990
5045945
5045802
5045673
5042978
5042720
5040000
5039063
5037964
5035217
5033639
5033259
5029948
5029905
5028279
5027357
5026300
5024350
5023493
5022086
5021700
5021390
5020996
5020759
5020120
5019944
5016647
5015941
5013797
5013344
5011640
5008754
5006547
5006460
5006395
5005598
5004621
5004001
5002303
5001853
4995121
4994884
4992636
4992523
4991309
4990801
4990513
4990414
4988979
4987090
4986619
4986176
4984380
4982486
4981844
4980726
4980036
4979898
4976824
4975687
4974034
4973327
4971619
4969815
4968554
4968071
4964527
4963364
4962995
4961904
4961267
4959790
4955955
4954906
4954096
4952116
4951200
4949362
4949338
4949288
4948737
4948422
4947417
4947034
4945521
4944739
4944589
4944160
4941464
4941173
4938137
4936508
4936022
4933127
4932898
4929757
4929496
4929393
4924502
4924000
4923985
4923149
4923123
4922900
4921678
4921144
4921141
4919755
4915237
4914487
4914186
4912815
4908170
4906923
4905812
4904513
4903254
4903178
4901636
4901310
4901172
4897647
4895499
4895485
4895448
4894372
4894231
4893869
4892753
4890031
4889996
4889888
4889393
4885730
4885584
4884810
4883221
4881827
4878753
4878466
4877643
4877304
4874157
4872892
4872272
4870180
4870148
4868018
4867184
4865204
4864778
4863616
4862527
4861803
4861739
4858336
4858325
4856383
4856325
4856222
4855343
4853846
4852854
4851648
4850950
4849153
4848397
4847351
4845352
4844205
4843412
4842875
4841317
4840798
4840182
4839055
4833380
4833245
4832785
4832295
4831321
4830525
4830437
4829869
4828922
4828101
4827901
4825886
4825269
4824335
4823455
4823372
4822781
4822671
4821536
4821284
4820703
4820355
4820268
4818270
4817197
4815810
4815400
4815374
4814829
4812433
4811414
4809916
4808328
4807147
4803797
4803029
4802068
4801910
4800635
4799747
4798625
4798039
4796763
4795496
4794557
4794524
4794262
4793179
4792968
4790961
4790942
4789043
4787004
4786894
4785969
4785707
4785518
4785141
4784360
4784355
4784001
4781430
4781182
4779299
4777803
4777298
4776550
4775243
4773047
4773001
4772212
4771430
4769733
4769076
4766108
4759526
4759245
4758441
4757804
4755537
4755361
4753705
4753380
4752933
4751118
4750319
4749858
4749064
4748130
4746261
4746209
4744382
4744319
4743153
4739413
4739352
4738965
4738468
4737040
4736493
4735539
4734817
4734643
4733358
4731689
4731443
4730153
4730097
4729532
4729210
4725842
4725492
4724552
4720679
4720580
4716235
4716199
4715878
4714837
4714418
4714352
4714133
4712169
4711282
4708675
4708433
4707728
4705377
4704598
4704348
4702590
4702416
4700922
4699789
4698509
4697231
4697194
4695908
4693337
4693098
4693047
4693016
4689983
4689238
4689171
4688619
4687595
4687547
4685096
4685004
4684965
4684302
4684066
4679321
4677758
4676050
4675787
4672996
4672490
4672235
4672094
4671454
4671233
4670838
4668319
4667871
4667645
4667333
4666204
4664741
4663389
4663376
4662728
4662543
4661058
4657487
4656059
4655148
4654801
4652292
4651447
4649878
4649217
4647546
4646861
4646699
4642814
4642397
4640971
4640478
4640040
4638620
4635776
4635364
4632651
4631159
4628725
4624928
4624656
4624013
4623305
4622812
4621363
4620882
4620569
4620221
4618818
4618316
4616196
4615697
4615282
4615203
4613818
4613515
4611708
4611266
4609950
4609205
4608927
4607106
4606816
4605395
4603158
4600849
4600769
4599932
4599682
4596760
4596090
4593458
4590889
4590387
4588886
4587611
4587357
4586783
4585413
4584683
4584341
4584277
4581150
4580834
4580641
4578077
4577116
4576079
4575912
4574325
4574093
4573440
4570592
4566776
4566689
4566152
4563894
4563771
4563376
4562875
4562627
4562586
4560680
4559089
4558644
4556612
4555379
4554912
4554840
4554839
4553044
4551980
4551677
4551440
4549796
4549150
4548743
4548354
4548243
4547904
4547777
4547512
4547142
4545987
4545188
4544936
4544753
4542882
4542499
4542178
4542110
4541386
4539900
4538727
4535331
4535116
4534965
4534261
4532771
4532283
4531627
4530886
4530231
4529504
4528994
4528194
4528110
4527055
4526256
4525316
4525308
4525092
4524556
4524469
4524003
4523522
4520948
4520287
4520275
4519965
4517631
4517549
4512899
4508867
4508605
4508476
4507360
4505790
4505571
4505548
4502985
4502747
4502308
4500895
4500622
4498890
4498562
4497595
4497431
4496174
4495728
4493271
4491674
4491528
4491033
4490384
4488261
4487519
4486119
4483356
4482046
4477497
4477252
4476657
4476022
4475473
4474844
4472782
4472027
4471315
4471289
4469652
4469441
4464324
4463998
4463838
4463549
4462245
4459752
4458599
4456303
4455322
4454232
4453766
4451675
4450249
4449949
4448849
4447585
4446428
4445919
4445726
4445243
4445126
4443738
4443393
4442285
4441586
4439160
4436798
4436190
4434613
4433057
4431697
4428464
4425824
4424344
4423374
4421351
4419602
4418208
4417130
4416910
4415992
4415977
4415916
4414623
4414495
4412713
4412706
4411748
4411400
4411324
4410432
4410217
4410119
4409628
4409118
4408987
4408585
4407879
4406374
4405488
4405165
4404983
4401782
4400935
4399791
4397985
4397715
4397298
4396689
4396522
4395214
4394848
4393276
4392922
4392218
4390130
4389895
4389432
4388926
4388785
4388102
4385515
4383880
4382719
4381464
4377841
4376470
4374357
4373989
4370620
4370503
4367726
4366254
4364320
4363443
4362871
4360864
4360019
4359938
4359504
4357743
4357708
4357437
4356371
4350974
4350436
4350398
4349740
4348642
4346465
4345745
4345067
4344626
4342006
4341539
4339698
4338663
4338484
4337953
4337545
4335827
4335606
4335598
4335007
4333354
4330265
4330208
4328796
4328154
4327139
4326725
4325431
4323229
4323084
4321087
4319819
4319154
4319139
4318997
4317598
4317500
4316768
4315988
4312301
4310412
4309191
4306887
4305953
4302570
4301294
4300697
4299055
4298212
4298180
4298126
4298054
4294916
4293534
4291639
4291152
4287711
4285484
4285091
4283371
4282603
4281307
4281281
4281136
4280565
4280178
4280027
4279109
4277694
4276729
4276609
4275484
4275344
4274660
4272195
4272034
4271544
4269906
4267782
4266729
4265573
4265228
4264933
4262821
4261737
4261290
4259785
4257933
4257704
4257034
4256631
4254971
4254461
4254405
4254082
4253931
4253854
4253761
4253733
4253394
4251514
4249673
4249652
4249209
4248138
4247108
4246920
4246834
4246823
4246723
4245372
4242847
4242036
4241412
4240619
4238613
4237376
4236603
4236106
4235631
4234811
4234746
4234391
4223241
4222360
4221949
4221213
4220802
4220321
4218875
4217898
4215723
4212590
4210100
4208781
4208120
4208004
4204484
4203556
4202891
4202087
4197288
4194976
4193853
4192238
4192092
4190416
4189845
4189534
4188624
4187570
4187066
4186567
4185090
4182946
4180876
4178770
4178033
4178023
4173426
4173267
4173061
4170375
4169967
4169936
4169182
4167530
4167468
4167063
4165367
4165257
4163809
4162933
4161103
4156208
4156033
4155131
4155062
4153147
4153084
4152772
4152215
4150927
4149268
4149089
4147317
4146888
4146807
4144660
4138694
4138130
4137288
4137160
4134779
4133764
4132666
4132580
4132029
4131578
4130337
4128994
4127714
4127131
4125413
4124335
4122968
4122307
4121628
4121031
4120396
4118433
4116708
4115822
4112942
4111277
4109574
4108266
4108153
4101521
4100085
4099378
4099271
4098249
4098049
4097928
4096595
4093382
4092951
4092243
4086219
4085473
4085236
4085057
4084530
4082716
4081588
4081476
4080088
4079357
4078874
4074806
4069465
4068761
4068720
4067848
4067318
4067207
4066114
4065408
4063563
4062636
4061233
4060049
4057292
4055175
4055014
4054842
4054790
4052816
4052475
4050883
4050787
4049202
4048989
4048039
4045844
4044156
4042481
4041680
4041297
4039995
4039378
4039155
4038391
4035758
4034670
4033131
4033086
4032706
4032123
4031227
4030937
4029181
4028927
4028770
4028645
4024939
4024678
4024673
4024325
4023659
4023223
4020964
4020463
4020191
4017913
4017815
4016940
4016321
4010766
4009951
4009905
4009887
4009851
4009491
4008380
4008040
4007179
4005948
4005459
4004759
4002729
4002138
4001379
3999124
3998236
3994012
3992874
3990859
3989902
3989560
3989449
3987282
3985782
3982252
3981448
3978164
3978017
3977474
3977226
3977040
3976158
3975940
3975880
3974824
3973372
3972075
3971619
3970348
3970152
3968135
3967984
3967743
3965172
3962901
3959987
3958104
3957389
3957099
3956450
3953791
3953424
3952327
3951704
3949356
3948963
3945958
3944414
3943509
3942338
3940966
3940642
3937550
3936566
3936362
3935742
3932740
3930658
3929380
3928555
3928497
3928050
3927152
3926159
3925117
3924983
3924611
3922704
3920918
3920180
3919842
3919088
3917827
3916212
3914436
3914101
3913821
3912485
3912231
3911892
3911459
3911388
3909560
3909318
3906095
3905760
3905208
3904685
3904544
3902068
3899606
3898457
3896354
3896313
3895700
3895668
3894602
3893484
3893483
3892620
3892000
3890856
3889164
3887692
3887143
3886855
3884773
3883172
3881042
3879780
3878628
3877738
3876212
3873483
3872116
3870092
3869958
3869400
3869205
3867992
3867799
3865831
3864805
3864562
3864403
3863478
3863104
3862873
3860026
3858342
3858304
3858103
3857341
3855481
3853506
3853190
3852511
3851334
3851246
3849956
3849931
3848952
3848044
3846716
3845836
3845382
3843680
3842784
3842283
3842122
3840704
3839970
3839100
3838766
3836741
3836695
3834193
3833644
3833246
3833135
3830881
3829615
3829606
3828966
3828956
3828208
3828112
3827395
3826261
3824130
3820636
3820448
3820034
3819899
3819300
3818209
3817434
3816148
3815480
3812881
3811218
3809369
3808515
3807196
3806505
3805647
3805087
3804606
3804262
3804076
3803735
3802731
3802577
3801247
3798395
3797487
3796073
3795576
3794389
3794081
3792305
3790822
3788364
3786929
3786394
3785358
3784483
3784395
3784114
3783951
3783950
3782480
3781350
3780474
3780213
3778304
3777105
3775289
3775004
3772891
3771525
3770574
3770133
3768940
3767527
3766204
3765980
3765783
3765036
3765013
3764289
3764166
3761220
3760974
3760867
3758495
3757857
3757851
3757424
3755338
3754562
3754469
3751653
3751150
3747631
3747057
3746033
3744648
3741851
3741658
3739143
3738129
3737435
3737354
3735190
3734811
3734201
3733197
3733112
3732613
3732138
3732079
3728384
3727727
3726995
3726969
3726312
3726229
3725359
3724952
3724817
3724741
3723796
3723068
3723016
3722535
3721262
3719670
3718009
3717567
3717066
3716373
3714950
3714835
3714687
3714441
3714353
3713822
3712357
3710421
3709652
3708951
3708416
3708323
3707929
3707628
3707594
3707552
3707018
3705541
3705188
3703591
3703529
3702435
3700378
3700163
3700110
3700050
3699724
3699244
3698945
3698523
3698415
3697441
3696785
3695573
3695410
3695211
3695001
3694660
3694643
3694493
3691841
3690279
3688713
3687365
3686159
3683484
3682766
3682537
3681982
3680576
3680309
3680123
3678957
3678075
3676848
3676277
3674540
3673146
3672057
3671829
3671543
3671347
3670113
3669134
3668033
3667923
3667504
3667018
3666038
3665716
3664297
3660975
3660632
3657489
3657473
3657029
3655668
3655532
3654205
3650987
3649624
3648095
3645385
3645042
3639297
3636525
3630752
3630583
3629708
3629055
3627633
3627266
3626286
3625972
3624923
3624861
3624853
3624449
3624002
3622957
3621126
3620307
3619281
3618969
3616955
3615739
3615377
3612376
3611550
3611284
3611025
3609956
3609397
3608454
3607309
3605283
3602247
3602020
3601587
3601200
3600650
3600376
3599830
3599119
3597300
3596905
3596584
3593001
3591556
3591132
3590721
3589747
3588278
3587933
3587707
3585001
3583864
3583862
3583204
3581519
3579353
3575864
3573680
3571805
3571243
3570880
3568635
3567824
3567414
3566882
3565453
3564486
3564415
3564071
3563716
3562717
3562612
3561029
3560067
3558899
3558380
3557701
3557182
3555462
3555327
3553750
3553705
3553110
3552486
3551882
3551129
3550713
3547974
3547965
3547101
3546570
3546359
3546105
3543199
3542249
3542164
3542135
3540987
3538807
3537431
3536124
3535019
3534346
3533965
3533946
3533633
3533153
3532767
3532570
3530278
3529904
3529315
3529020
3528615
3527252
3526758
3526630
3526226
3525815
3524966
3524329
3524287
3523500
3523376
3520045
3520038
3519710
3517362
3516617
3510851
3509595
3509329
3508959
3507834
3507596
3506681
3506153
3504485
3504069
3503889
3502489
3501905
3500801
3500033
3498557
3496124
3496064
3493502
3493440
3491583
3490237
3489504
3486409
3485779
3484999
3482671
3482618
3482127
3481417
3478758
3478230
3475226
3475080
3474585
3472530
3471320
3471245
3468477
3467488
3465135
3464462
3462923
3461565
3460138
3458721
3458466
3458321
3458220
3457901
3457073
3455716
3455309
3455259
3453118
3453032
3452808
3452791
3452663
3452534
3452047
3451713
3451267
3450622
3448145
3447202
3445210
3445003
3444503
3444430
3443615
3441360
3440270
3439439
3437965
3437487
3436017
3435593
3432988
3432770
3431912
3429750
3427837
3427569
3426413
3423433
3423323
3422686
3421548
3420569
3420339
3419767
3419056
3418406
3417009
3416347
3415889
3414769
3413229
3411704
3411599
3411516
3411411
3410612
3408031
3407492
3407341
3406740
3405498
3405450
3405138
3405114
3404194
3403996
3403733
3402770
3402495
3402442
3401186
3400981
3400252
3400017
3397754
3396211
3395382
3394900
3394870
3394869
3393734
3392770
3391180
3390710
3390647
3390212
3388929
3385856
3381914
3381097
3380813
3379876
3379770
3378771
3378758
3378391
3377521
3376893
3376583
3373913
3372525
3371846
3371456
3371344
3371258
3368234
3367910
3367806
3366772
3366658
3366479
3365393
3364158
3363497
3359935
3358313
3357573
3355748
3351776
3350638
3350341
3350265
3347506
3346899
3346780
3345377
3343476
3341251
3339022
3336196
3335146
3334895
3333671
3333417
3333103
3331748
3331744
3331467
3331083
3329589
3328580
3326296
3324862
3324795
3322929
3322131
3318518
3318086
3317271
3317218
3316022
3315736
3315047
3314896
3314804
3314514
3314312
3313943
3313606
3312148
3308191
3307833
3307302
3306836
3306713
3306475
3305585
3305360
3305309
3304491
3302957
3301712
3301536
3300971
3299426
3299243
3299006
3297544
3297482
3297121
3297097
3296071
3294520
3291944
3288253
3288032
3286916
3285625
3284162
3280965
3280690
3275882
3275880
3273749
3273165
3271536
3268672
3268336
3268002
3267664
3267514
3265469
3265263
3263522
3263327
3262565
3260441
3260355
3260116
3260059
3259855
3259501
3256829
3256188
3255434
3255200
3254326
3253272
3250778
3249957
3249544
3249081
3249077
3247123
3246996
3246341
3241681
3238246
3237488
3236784
3236015
3235283
3235277
3235106
3234620
3234424
3234162
3232988
3232465
3231971
3231182
3230796
3230411
3224080
3223687
3223187
3221639
3221281
3221159
3221097
3220970
3219165
3218007
3217779
3216978
3216538
3215449
3214183
3213930
3213335
3213181
3212786
3212639
3211878
3209470
3207486
3205693
3204562
3202569
3202305
3202073
3201661
3200032
3199363
3197120
3195643
3193559
3193451
3193408
3191389
3190505
3189308
3187505
3186780
3185644
3184742
3182381
3181610
3181424
3181083
3180377
3180005
3179685
3179260
3179204
3179111
3178369
3177772
3177227
3177045
3173650
3173405
3173322
3173168
3172904
3172568
3172027
3171258
3170414
3170410
3170318
3169783
3169303
3167882
3167374
3166914
3165880
3164628
3163744
3161369
3160178
3158206
3156685
3155729
3154750
3154406
3152445
3152242
3151776
3150481
3150426
3146979
3146272
3145838
3137621
3137249
3136968
3136713
3132292
3132277
3131796
3131688
3130978
3130947
3129127
3126740
3125784
3125670
3124774
3124092
3123935
3123927
3123125
3120947
3120700
3120616
3120012
3119363
3119077
3118997
3118918
3116711
3115936
3115545
3115403
3115331
3115250
3114864
3111795
3109047
3108454
3108382
3107900
3106868
3106197
3105781
3103895
3102720
3102275
3101537
3097916
3096004
3094828
3091382
3089965
3087974
3087811
3087012
3086859
3085322
3084446
3084274
3083169
3081699
3080939
3080425
3080266
3080197
3079542
3078070
3076456
3075007
3074734
3073573
3072595
3071629
3071570
3068185
3067287
3065677
3065490
3065240
3064703
3064580
3063851
3063595
3062372
3062285
3061655
3060459
3060019
3059846
3058353
3057575
3057489
3056842
3056425
3055887
3055371
3054300
3053565
3052754
3052083
3052065
3050210
3049505
3049433
3048854
3046585
3045819
3045742
3041594
3041521
3041021
3040843
3040598
3040328
3039562
3039365
3038329
3036278
3035451
3033987
3033585
3033122
3032323
3031701
3030403
3029868
3029069
3028821
3028491
3026399
3025671
3025629
3025443
3024819
3024633
3023511
3023063
3022461
3019950
3018911
3018531
3016777
3014995
3014177
3013290
3012752
3011354
3010258
3009753
3008641
3003773
3003656
3003186
3001565
3001060
2999652
2999396
2997826
2997517
2996561
2995656
2994562
2994464
2994406
2993651
2993247
2993089
2992858
2991509
2991492
2990502
2988399
2985457
2984170
2982208
2981416
2980161
2977216
2976336
2976217
2975633
2975034
2975027
2974933
2974592
2973336
2972006
2970332
2967823
2967586
2967491
2967085
2963254
2962346
2961662
2959323
2957238
2956154
2955508
2954886
2954283
2954250
2951667
2950726
2950229
2949671
2949576
2948340
2947981
2947722
2947443
2946428
2946212
2945962
2945754
2944123
2943897
2941714
2940390
2939471
2938289
2938062
2936883
2933881
2931835
2931706
2931306
2928688
2925276
2923640
2921980
2921016
2920220
2918963
2918344
2917235
2915950
2915528
2914903
2914847
2914796
2911932
2911604
2910616
2907765
2907407
2907218
2905032
2904998
2904972
2903796
2902376
2901696
2900359
2899823
2897463
2896931
2896875
2894179
2893894
2893638
2892939
2892501
2892345
2892263
2889381
2889320
2889138
2889101
2889042
2885852
2884899
2883228
2881766
2879206
2878888
2878722
2877913
2877756
2877491
2877023
2876399
2876203
2872672
2870798
2869054
2867602
2865210
2864868
2864358
2864303
2863782
2863715
2862808
2862673
2854403
2853610
2852873
2852169
2850222
2849993
2847768
2845557
2845503
2845067
2840194
2840106
2839462
2838569
2838427
2838415
2837106
2836505
2832733
2831186
2830888
2830081
2828593
2828379
2828082
2827833
2827753
2827056
2826444
2825980
2825816
2825137
2825027
2824818
2824651
2822183
2821017
2819626
2819488
2818192
2817829
2816591
2814749
2813319
2812857
2811923
2811522
2810750
2809549
2808479
2806897
2803645
2801700
2801000
2800634
2799672
2796165
2794256
2793968
2791732
2790579
2789918
2788468
2788443
2787644
2786818
2786323
2785605
2782951
2780212
2778164
2778020
2777695
2777365
2777277
2775451
2774593
2774405
2772434
2771499
2771196
2768734
2768049
2767835
2767119
2765123
2764314
2763519
2762712
2759600
2759420
2759121
2758940
2758523
2758277
2757784
2757424
2756942
2756568
2755528
2754471
2753943
2753112
2751210
2750419
2749962
2748012
2746677
2741788
2741756
2740361
2738285
2737134
2737078
2736832
2736584
2734004
2733769
2733635
2733188
2731863
2731603
2731163
2731065
2730988
2730805
2730737
2729234
2728640
2728180
2727568
2726408
2724125
2723679
2723003
2722047
2721323
2720953
2717346
2717316
2717232
2716363
2715598
2715595
2715203
2713439
2713380
2711564
2710241
2709161
2707375
2706583
2705527
2705157
2703237
2700770
2700603
2700517
2698629
2697821
2697676
2697157
2695576
2695123
2694765
2693301
2692304
2691536
2690422
2689820
2689673
2689568
2689522
2688790
2687627
2687120
2686725
2685158
2684053
2683279
2682737
2682435
2681873
2681716
2681447
2681412
2681228
2680492
2678130
2676537
2672582
2671565
2668565
2668275
2668129
2667705
2666763
2664073
2663800
2663529
2662593
2660113
2659917
2659622
2658703
2658553
2657931
2656964
2656327
2656074
2654102
2653176
2653092
2652967
2652060
2651003
2650202
2649945
2649838
2649455
2648808
2647719
2646657
2646060
2645458
2645421
2645332
2639236
2639177
2638881
2637716
2637644
2637127
2636913
2636415
2635448
2632951
2632720
2632226
2630989
2630518
2630192
2629117
2628049
2627639
2627339
2626709
2626645
2625939
2625342
2622973
2621951
2621680
2620496
2620101
2619592
2619371
2619125
2618954
2618090
2617884
2617012
2616607
2616591
2616342
2615866
2613828
2613197
2612763
2612515
2611801
2611457
2610067
2609717
2603473
2602421
2602112
2600857
2600625
2599178
2596221
2594856
2594339
2593363
2592373
2590982
2590392
2588802
2586446
2585507
2585481
2585024
2584821
2582495
2581896
2578879
2577891
2576397
2575662
2574593
2573985
2573959
2572559
2571878
2570127
2568875
2567010
2566979
2565784
2565442
2564192
2563360
2561826
2561349
2560598
2559677
2559417
2559038
2558523
2557415
2556851
2555762
2555751
2555641
2555298
2554746
2554429
2553184
2553100
2550467
2549821
2549739
2547676
2547462
2545746
2542827
2542391
2540367
2539922
2539396
2536814
2533565
2532070
2531978
2531163
2530902
2530427
2528682
2526402
2524952
2524875
2524671
2524631
2521539
2518528
2512605
2512217
2511470
2511169
2510649
2510349
2510233
2507540
2507126
2506332
2504979
2504969
2503739
2502811
2502804
2502363
2501368
2501201
2501064
2498875
2497246
2496195
2495111
2494523
2493639
2492332
2492247
2491679
2487814
2486304
2485823
2485305
2483711
2483125
2482975
2482909
2482325
2481820
2478779
2478324
2477132
2476032
2475066
2474931
2474886
2472867
2472328
2472261
2471282
2467074
2466974
2463865
2461601
2460848
2459644
2458815
2458490
2457944
2457405
2457152
2456239
2456200
2455020
2454745
2454546
2452927
2451850
2450875
2448885
2448124
2447017
2445333
2445323
2444137
2444018
2443582
2442844
2442773
2442653
2440658
2440454
2440316
2437302
2435660
2431597
2431292
2430282
2429150
2428006
2427697
2426275
2423246
2423177
2420321
2419806
2419006
2418578
2417776
2417342
2416914
2416664
2415907
2413831
2413798
2413787
2412073
2410625
2408568
2407539
2407497
2405687
2404803
2403040
2402629
2402568
2402350
2400977
2400729
2398141
2398074
2397615
2394837
2392747
2388760
2387311
2387259
2386417
2385401
2384770
2383789
2382697
2380117
2380039
2379379
2379038
2376802
2371228
2369426
2369311
2368738
2368674
2365012
2364607
2364041
2363406
2363136
2361848
2361733
2359556
2357558
2356964
2356532
2356432
2352567
2352206
2351542
2351487
2347777
2346092
2345083
2344358
2342027
2341990
2341394
2340875
2336810
2336588
2336453
2336412
2336069
2335890
2334945
2334789
2334039
2333375
2331108
2330351
2329414
2327959
2327397
2326328
2325600
2325582
2323392
2323160
2322316
2322243
2322070
2321121
2320541
2317288
2316653
2315950
2315495
2312310
2311289
2311007
2310739
2310127
2309618
2308778
2308518
2307615
2307536
2307482
2306240
2305725
2304974
2303641
2301486
2301452
2301099
2300404
2299780
2299528
2299241
2299063
2297061
2297061
2296327
2295960
2293826
2291096
2290073
2290014
2287993
2286812
2286405
2285891
2285028
2284777
2284697
2284623
2284454
2283582
2282907
2282622
2282113
2281471
2281159
2281118
2280023
2278247
2278034
2276066
2275310
2275168
2273531
2272649
2272612
2271348
2271003
2270728
2270708
2268823
2267282
2265776
2264869
2263609
2260318
2260182
2258842
2258630
2258609
2258355
2257848
2253782
2253350
2250806
2250407
2247952
2247443
2246730
2245776
2245639
2242704
2242650
2241964
2241812
2241604
2241061
2240212
2239827
2238618
2236611
2236143
2235829
2235413
2235191
2235148
2233551
2232282
2232150
2231130
2229590
2229359
2228649
2228118
2227780
2227673
2226089
2224074
2223805
2223769
2223004
2222604
2220030
2219670
2219357
2218498
2217002
2215873
2215074
2214289
2213160
2212966
2211414
2211141
2210404
2210175
2208452
2208301
2207694
2207132
2206717
2206101
2205986
2205022
2200467
2199612
2199171
2199139
2199084
2198329
2196287
2192990
2191968
2191959
2191394
2189282
2188040
2186683
2186658
2184988
2184782
2183352
2180976
2180137
2179841
2179721
2179392
2178990
2178666
2178512
2178097
2177196
2177051
2176729
2176673
2174613
2173386
2171974
2171040
2170022
2168644
2168175
2167601
2165894
2165693
2165600
2165359
2163145
2162729
2161979
2159695
2158330
2158327
2154868
2152167
2152021
2151174
2150742
2149662
2149239
2148988
2145599
2145471
2145316
2142097
2141406
2141287
2140685
2140155
2138402
2137754
2136777
2133498
2133463
2132420
2131495
2130739
2130720
2129591
2128524
2126220
2125072
2123426
2123053
2122976
2122012
2121915
2121419
2121327
2120170
2118479
2116431
2115958
2114565
2113720
2113169
2111951
2108280
2107435
2106586
2106537
2106463
2106377
2103704
2102529
2101687
2099402
2098698
2098093
2098035
2097845
2097476
2097469
2096602
2094931
2094817
2093457
2092508
2090776
2090226
2090046
2088173
2087901
2087602
2087352
2086922
2086199
2085388
2083793
2083015
2082948
2082497
2079246
2077990
2076472
2076308
2076111
2075568
2075282
2074019
2073909
2073646
2073282
2073246
2072190
2071948
2071216
2070424
2069539
2068709
2067930
2067667
2066832
2065454
2065412
2062233
2062049
2062012
2061637
2061158
2059931
2058972
2057355
2055503
2055387
2051116
2050821
2050417
2049474
2047369
2047189
2045802
2044824
2043626
2042890
2042390
2041589
2041163
2041002
2039836
2036578
2036091
2036011
2033157
2030116
2028193
2026906
2026726
2025907
2025432
2024596
2024589
2023669
2023237
2023224
2020463
2020185
2019703
2017322
2016655
2016501
2016140
2014959
2013757
2013508
2013386
2011764
2010525
2009829
2009457
2008073
2006033
2004177
2002978
2002676
2002166
2002038
2001964
2001659
1998258
1998107
1992441
1992347
1990501
1990313
1990020
1989297
1989266
1987678
1987497
1985523
1983954
1983055
1980977
1980615
1979527
1978858
1978225
1978210
1977530
1977187
1975701
1975082
1975040
1973961
1970870
1968452
1967516
1966069
1965368
1964833
1964426
1963303
1963133
1962625
1962131
1960667
1958963
1956916
1956630
1956011
1954842
1954600
1953825
1953710
1953060
1951386
1951244
1950391
1949589
1949290
1948286
1947469
1947439
1947253
1945145
1944510
1943702
1942476
1941154
1940963
1940321
1939238
1938833
1937575
1936950
1933996
1933630
1929378
1928966
1928914
1928342
1927165
1927124
1925644
1925075
1924840
1923626
1921829
1921415
1920044
1919980
1919176
1917685
1916932
1916598
1913535
1912366
1908675
1908598
1908533
1907284
1904686
1904181
1902829
1902335
1901596
1899524
1898357
1896979
1895737
1895664
1895342
1895339
1894984
1894852
1893830
1891991
1891478
1889483
1887026
1886740
1886700
1886036
1885608
1885367
1884204
1884185
1883488
1883137
1882788
1881957
1880992
1880907
1880529
1880023
1877416
1877196
1877136
1875937
1875863
1874243
1872734
1871969
1870810
1869308
1868628
1868383
1868341
1867986
1865776
1864955
1863371
1862751
1861150
1861020
1860542
1858975
1858071
1857334
1856334
1856326
1853985
1853503
1852702
1852367
1850935
1850124
1846676
1846547
1845895
1845782
1845170
1838065
1837581
1837125
1836962
1835473
1834508
1834258
1833951
1832752
1832427
1831851
1831515
1831240
1830518
1828860
1828098
1827935
1826343
1824553
1824374
1822287
1820988
1820206
1820062
1819001
1818952
1817600
1816270
1815472
1813793
1812989
1811560
1810563
1810343
1808160
1806994
1805011
1803585
1802348
1802260
1802259
1802071
1801748
1801664
1801503
1801279
1801177
1799235
1798705
1798557
1796441
1795731
1795572
1794071
1792607
1792506
1790482
1790358
1789280
1786258
1783725
1783400
1783008
1781444
1781344
1780604
1779601
1779146
1777866
1777217
1776753
1776489
1772779
1772131
1771874
1770910
1767099
1766207
1766172
1765372
1764866
1764145
1762515
1761826
1761425
1760645
1760633
1759604
1759213
1758676
1753854
1753112
1752024
1751886
1751237
1750612
1749504
1748705
1746600
1745853
1745376
1742339
1741189
1740221
1739263
1736730
1736698
1735626
1734913
1734814
1733345
1733318
1732516
1731323
1728910
1728522
1725962
1723887
1722978
1722702
1719229
1718947
1718854
1718807
1717254
1717138
1716192
1715708
1715431
1714251
1712436
1711710
1710739
1706534
1706524
1704504
1704331
1701947
1701940
1701772
1701488
1700856
1699475
1696889
1695855
1693632
1693587
1693081
1693071
1692985
1692925
1691527
1691419
1688372
1687317
1686066
1685739
1685165
1683847
1682812
1681737
1681550
1680920
1680676
1680437
1679981
1679607
1679461
1677739
1673534
1673050
1671335
1670081
1669394
1668382
1668265
1666681
1666435
1664476
1661483
1660278
1658606
1658316
1657854
1656396
1655817
1653753
1651720
1650188
1650011
1647966
1646869
1646577
1646432
1644257
1644189
1643747
1642904
1641867
1640415
1639167
1638282
1635347
1633495
1632310
1632278
1631524
1629505
1628199
1628179
1627457
1627445
1620426
1619638
1619330
1618771
1618765
1618460
1615630
1614809
1614624
1614052
1613580
1612724
1611716
1611466
1607719
1606092
1604723
1602774
1602376
1600793
1599778
1599690
1598045
1595020
1594799
1594664
1593791
1592283
1591914
1591348
1589999
1588564
1587815
1587741
1587334
1586537
1585003
1584506
1583690
1582623
1581257
1580135
1580093
1579597
1578443
1578353
1575829
1573781
1573623
1573413
1572855
1571832
1571255
1569889
1569545
1564528
1564225
1564218
1563827
1563332
1563296
1562005
1561330
1561238
1558455
1558044
1557274
1555377
1551809
1551590
1551579
1550714
1547636
1542321
1540799
1536405
1536100
1534589
1534102
1533695
1533259
1531966
1531885
1531438
1530994
1530966
1530940
1529749
1528794
1528109
1526528
1525208
1524015
1520954
1520750
1520128
1519454
1519322
1519200
1517117
1517074
1516836
1516248
1515684
1515335
1514897
1514828
1514265
1511778
1508492
1507371
1504657
1504476
1504456
1502838
1500207
1499932
1498196
1497748
1497489
1496646
1496512
1496470
1495542
1495329
1493563
1491843
1491723
1491547
1489817
1489259
1488533
1487716
1486732
1485194
1482826
1478519
1478398
1477149
1477141
1475680
1472301
1469524
1469490
1469244
1468479
1467916
1466550
1465454
1464836
1463843
1463310
1462901
1462754
1461572
1459547
1459306
1458882
1458815
1458231
1456911
1456771
1455234
1451805
1451659
1451447
1451312
1451203
1451199
1449054
1446912
1445945
1445563
1445434
1443622
1440498
1439723
1439379
1439102
1437967
1437564
1436179
1434664
1434553
1432411
1428756
1427730
1426725
1425957
1425004
1424346
1424235
1423333
1422667
1422573
1421107
1420554
1420087
1418752
1416984
1414095
1411644
1410434
1410240
1406860
1405093
1403673
1403325
1401255
1400751
1397316
1397250
1395337
1394326
1394252
1392335
1391045
1389511
1388270
1387994
1387832
1387719
1385866
1385413
1385357
1384987
1381454
1381109
1380521
1380026
1378898
1376530
1375992
1375830
1374170
1373873
1371597
1370631
1370294
1368048
1366930
1366122
1365337
1365022
1364955
1364635
1364179
1363802
1362727
1360883
1360679
1360426
1359961
1359595
1359492
1358209
1357267
1356881
1355748
1351606
1350088
1349544
1349422
1347640
1347351
1345462
1344379
1341625
1340818
1340396
1337200
1335953
1334475
1332530
1332316
1332176
1331169
1330879
1327843
1326400
1325862
1325584
1325392
1325284
1324031
1323604
1322123
1320397
1318288
1317179
1314819
1314020
1313980
1313823
1313795
1312912
1312667
1312332
1310357
1309541
1307771
1306679
1306180
1305841
1305380
1303747
1303591
1303483
1302656
1301667
1298789
1297619
1297546
1297092
1297070
1296408
1294055
1292107
1292059
1291464
1291192
1290278
1288985
1288811
1287737
1285004
1284042
1283272
1283259
1281773
1281605
1281306
1279805
1279610
1278912
1278775
1278635
1278554
1275885
1275112
1274959
1274913
1271423
1270621
1269635
1268136
1266190
1265041
1264314
1261796
1261244
1259062
1258021
1257830
1256507
1255678
1255000
1253700
1253348
1253253
1250672
1250546
1249751
1249522
1249470
1249307
1248623
1247622
1244636
1243856
1243286
1240339
1240232
1239843
1239590
1239317
1238357
1236273
1235478
1233396
1231675
1231623
1231536
1227646
1227274
1226988
1226472
1225534
1224811
1224098
1222465
1222457
1221646
1219967
1218623
1217347
1217179
1216518
1216259
1215840
1213682
1210654
1210062
1209493
1208214
1208172
1205273
1203803
1203639
1203487
1202520
1202470
1201778
1201558
1200236
1198235
1197547
1195205
1195145
1193554
1192118
1191688
1190683
1190247
1188446
1188063
1187218
1187109
1185674
1182485
1182319
1181082
1180826
1180472
1179669
1177474
1177330
1176518
1175991
1174423
1172526
1172266
1172173
1171994
1170313
1169757
1167126
1164790
1164409
1164175
1164072
1163340
1161434
1161290
1159337
1158658
1157874
1157183
1153451
1153446
1152923
1149161
1147699
1147231
1144250
1140912
1139971
1137206
1136780
1135307
1134337
1133341
1131948
1130821
1129620
1128861
1128813
1128380
1127669
1127644
1127050
1127037
1126944
1123960
1120652
1120134
1118433
1118418
1117765
1116889
1115976
1114515
1113044
1112413
1111952
1108622
1106757
1106712
1106669
1105707
1103804
1103583
1101111
1099632
1099502
1099392
1099250
1098883
1097599
1097203
1096055
1096044
1093201
1093115
1091700
1090344
1089942
1089474
1088995
1088677
1085597
1085292
1085024
1084886
1084343
1081327
1081108
1080190
1079547
1078781
1078367
1078204
1077553
1075781
1075697
1074540
1074056
1073873
1073694
1071950
1071471
1069774
1069709
1067721
1064998
1063011
1062946
1061681
1061654
1060568
1052199
1051975
1050965
1049687
1048783
1048288
1045988
1045604
1044429
1043940
1043304
1043175
1041620
1039247
1038692
1036744
1035527
1035323
1034685
1034552
1033083
1032621
1032272
1031407
1030836
1030650
1029093
1028746
1025531
1024517
1023103
1022333
1022174
1021532
1021046
1016368
1015232
1014881
1013427
1013405
1013289
1012767
1012507
1011122
1010309
1005959
1005715
1005292
1004314
1004206
1004074
1003569
1001954
1000942
1000596
998912
998584
998076
997888
997163
994933
994788
994717
993073
992536
992485
991605
991412
990612
990318
988286
988118
987687
986370
985934
984718
982838
981816
979693
979065
976482
976411
974005
972680
971728
969306
967928
967442
967124
966785
966676
966230
966055
965447
963526
961699
961670
960529
960228
960003
959976
959868
959619
959456
959305
957337
956748
956738
955726
954250
952777
948348
945995
945388
945080
944949
943825
942827
942641
941986
941485
940213
940000
939830
939441
938682
938368
938045
937040
936182
935935
935210
934541
934444
933129
932768
928910
928141
927773
927022
925047
925033
924469
923693
922786
920844
920011
919965
919633
918681
918424
918211
917357
916244
915171
911499
911396
908454
908044
908043
907572
907543
905354
902550
899966
898528
897718
896704
896297
892549
891210
888628
888164
885152
884960
882977
882050
879836
879276
878544
877976
876450
875750
875530
873527
873268
873106
872914
872623
870243
870028
867926
867766
866307
865778
865342
863170
861968
861429
861149
860970
860557
860300
859753
859192
859135
858723
857212
855719
854717
853215
852143
850884
850658
849309
847922
847017
846693
845854
845465
843550
843089
842838
842657
840343
839382
837902
836969
833914
832646
832058
832039
828801
827320
827056
826552
826467
826429
825852
825255
824815
822018
820266
818640
817765
816161
815213
815017
815009
814915
814467
813686
812804
812325
808892
808171
808030
805281
804991
804497
803337
802793
801643
800697
800633
800215
796060
795813
795407
795236
794237
793684
792149
791695
789895
789503
788175
785946
785851
784812
784262
783499
782511
782178
782064
781879
781080
780072
779928
777858
776382
775709
774360
773830
771982
771566
771473
770957
770890
769562
769219
768690
767761
765524
765313
765101
764209
763861
762778
761464
761437
760923
760645
759961
758688
757387
756991
756264
755631
755179
754135
753452
753370
753094
751539
751183
750217
749378
748753
748733
745751
744907
744358
744061
743671
742356
741822
741040
740923
740758
740210
739811
737914
737553
733851
733518
732907
732622
732127
731672
731123
729589
728911
728590
728459
728076
726103
725547
725502
724399
724061
722843
721667
720841
719553
718845
718519
717828
717741
715947
715333
714597
713379
711747
711399
710361
709705
709050
707133
704175
702509
700384
698490
697792
697260
696561
694988
693238
693230
690557
688846
687569
684313
683429
682445
681572
676861
675019
673884
673790
671362
670404
669472
669261
667616
667247
667229
665998
665925
664239
664089
663835
661612
661117
660481
659813
658763
658654
658415
657093
657019
655403
655166
654244
653321
653270
652341
650644
649911
649346
649118
648509
646599
646260
644478
642618
640794
640510
640100
637807
636161
635037
634536
633813
633102
631243
631065
625344
624168
622561
621871
621682
620543
620299
618776
618490
617675
617570
617197
615290
614237
612554
610043
609893
609145
609059
608951
608877
605492
604398
603624
602441
602364
602248
601527
600962
599370
598737
596376
592871
592052
591854
590844
590616
590579
589198
588672
584169
584075
582812
579626
579168
577389
575342
574912
572455
572441
571552
569481
568778
567807
566877
564744
564577
563071
562865
562064
561062
560860
560406
560108
559410
559224
558834
555079
554688
554396
552815
552453
551621
551405
549357
548658
547272
545920
544897
543341
543338
540796
540253
540115
539869
537342
537206
536733
536412
536360
536158
535331
533572
532329
530944
530797
528731
528051
527678
526560
525052
523867
520922
516436
516211
515384
515095
513678
512715
511759
510806
507152
506496
506358
505542
505073
504926
502753
502450
502116
501897
500709
499703
495595
495376
495091
493753
493509
493037
491179
490707
489141
488448
488162
487560
487008
483763
483029
482734
482279
481512
476988
476257
475802
474840
474413
474291
473536
473189
471799
471423
471278
470565
470194
470070
469957
469618
469367
468209
467676
467593
464265
463599
463577
463555
463331
462404
460818
460643
460284
459922
454151
453941
451297
450528
446628
446152
445958
444878
443011
442780
441844
441675
441126
439989
438865
438621
438521
437372
436960
436766
436726
435454
432879
432794
432215
431509
431322
430055
428054
426727
426604
426296
426138
426042
425344
423723
423289
422007
421618
421525
421073
421004
420413
420215
418905
418235
418180
417076
416948
414951
414325
413379
412156
412040
410404
409931
408754
408753
407083
406874
406848
405929
404227
402456
401533
400634
400172
397043
396674
396236
395805
394585
393898
392771
392687
392418
390802
389700
388201
388043
387827
384795
379896
378332
375860
375749
374871
373797
372354
372112
371773
370336
369601
367589
366750
364914
362420
361926
360318
360046
359849
357261
356066
354896
354492
354477
354451
353125
351674
345055
344263
343444
343137
341917
340938
340850
339965
337790
335286
334935
333462
333294
333201
333169
331635
331391
330947
329780
329698
329651
327161
326817
324559
322883
322392
321468
319557
318003
317157
316769
316207
315632
315126
314531
312127
311386
311374
308289
306587
305766
303713
302584
300000
299817
299793
299792
298399
298145
298035
297634
297310
296163
293858
293841
292933
292676
292190
291494
291146
290954
290142
289608
288441
286203
286147
285685
285192
284052
282534
282460
281634
281256
280605
280479
279281
277547
275272
274581
273927
272778
271883
270052
269760
269562
268441
266818
265573
261573
261078
260667
260525
260146
258565
257822
257668
254328
254110
253461
251787
250433
249640
248219
248139
248026
247376
247362
247221
247187
245055
243401
243272
242264
241950
240667
240007
237975
236581
236525
235807
235698
232812
228270
228098
226413
225114
224294
223699
218224
215827
215159
214887
214735
213603
212205
211125
210501
209822
209100
207611
207402
205424
204233
203997
203512
202405
202364
201261
200771
200167
199764
199433
197059
196848
194542
188452
187848
187804
187266
186694
185798
184816
182680
182237
181230
180661
180236
179211
176009
174177
173485
172752
171372
170892
170180
169476
166394
165351
164327
163789
163120
162747
162153
158597
157602
157127
156633
156419
153865
153403
152485
147472
147142
146552
144600
142276
141955
141778
141654
141653
140219
139663
139465
139113
138089
135613
135377
133552
131816
131670
131483
130462
129994
129920
128313
128246
126665
126466
126167
124138
124038
123762
123295
120970
120599
120161
118995
117078
117059
116754
116502
115319
112653
112520
110844
110327
110161
109140
108916
108582
107290
104810
103650
103326
102985
101155
100430
100122
98169
96855
96404
94012
91756
90629
89772
88878
88587
88096
86147
85855
84331
83773
77363
76898
75691
75526
75202
74725
73609
72765
72294
70525
68068
66958
66183
66042
63873
63496
63428
63423
63185
62969
61515
61305
58858
58792
58675
58138
57419
57402
56948
55267
53006
52110
51487
50229
50114
49702
48288
44974
44550
43759
42671
39329
39307
39128
38188
36360
34284
32685
32497
32051
31576
30553
29097
27922
27373
27130
25501
25121
23617
23331
22619
21315
20518
18897
18312
18216
17209
16936
11547
11424
11067
9916
8520
8519
8321
5979
861
