10000
2013386
6570897
7362613
9020038
4031227
9283993
608951
1079547
833914
5413544
6096861
360318
4922900
875530
966785
9903526
3191389
3216978
5997623
3714950
9520475
1403325
3694660
3177772
236525
8860788
843550
761437
9598537
1928966
1899524
4520948
9509428
5042978
9041515
540115
187266
1875863
3236784
6849067
3371258
1827935
4955955
2645458
7581590
9567853
6715557
7140239
6050400
1174423
436726
9080437
296163
1985523
7876722
8907409
3130978
6368264
7464051
6574599
4714352
404227
624168
2211414
5261669
3555462
3836741
984718
3551882
6606877
2510649
9802177
9892596
2501064
94012
8256221
146552
7181171
8320017
2616591
6655331
9425550
8197130
9889268
2821017
9517498
8720014
303713
1035323
1569545
2808479
8270573
888164
6870353
3667504
963526
3989449
5903307
2260318
5654151
135377
8518551
6262859
5887248
803337
5825430
6061841
4519965
1496470
8034266
861
8096651
8285898
7994998
333462
7288720
3237488
6687133
1043940
1811560
3039562
6016232
1633495
8149964
4524003
5954105
202405
6044063
9100211
312127
826552
2327397
5629416
908044
6499373
299793
9416352
8443018
867926
3029069
2840194
9633374
5906831
2461601
7775522
9188741
1563332
832039
1802348
1593791
6205647
2041163
5331142
8341021
9864321
6565063
9443390
4986176
1846676
3629708
5250472
8963815
7962073
1093115
1489817
7876921
4889393
719553
4785707
5424624
2460848
4961904
4586783
8469884
5857782
5470013
3221639
3784114
9512173
3343476
2264869
7226007
8353926
2568875
1828098
1813793
7701091
6680937
3945958
3682766
2017322
3246341
4990513
9837471
2300404
6964758
5644788
882977
8137111
3876212
9195146
938682
4822781
3212786
2630518
7834646
3212639
5564421
3695001
2901696
5246947
6598801
9220123
6160345
6719837
2612515
9482490
8924358
2211141
2028193
7934593
3732138
344263
8540681
732622
3405138
3124092
9493588
3909560
8330884
7082721
3985782
3062285
8204536
6221836
5393341
9961312
7548341
4344626
4294916
3889164
6045411
6985688
971728
3400017
7544681
6328969
9395426
4980036
7428489
1205273
5641913
2731603
5150140
7213461
6723096
8947844
8815957
1028746
116754
7883048
3615377
1335953
9835976
7590527
4801910
8278138
1381454
1734913
6616881
3958104
2758277
866307
8764400
3999124
3120947
8684157
9667774
6447259
3315047
7898311
5539370
6160592
1871969
4276729
2311289
3052065
5555571
6001248
2307482
621682
8908808
3533633
9125960
8369423
5150442
7912958
9172691
7528268
2593363
9468896
5861710
2938289
1000942
855719
988286
8014421
5090733
8558293
4646861
7010017
920844
7267978
4298212
7916164
3358313
7760561
8452995
2553100
7080889
9237382
9663092
7009975
2501201
6679232
7072324
5450170
1716192
62969
2993651
4431697
293858
8126308
744061
124138
2869054
1581257
9385571
1420554
3171258
4532771
9804939
5738585
2142097
3265469
5560385
3496064
5308840
7910590
2746677
4392922
3588278
1868628
6290105
8652624
2075282
2757784
9848220
1084886
6931124
1112413
207611
5653725
3048854
1551579
2865210
9462159
5021700
5327022
5324319
100430
5547950
7227840
7121914
66042
315126
7582196
5293931
9642323
6243069
6881334
4189845
9450689
5011640
6255500
2994562
31576
1147231
4948422
8123292
2416664
2885852
1805011
5692332
9331811
4436190
602441
5577928
2278247
5350983
8275962
6728278
7437469
6904779
4490384
1585003
5635603
5099729
5896159
4849153
2188040
6384494
5284371
1158658
9826582
6698365
6324994
2083793
7434058
1599690
9954742
9189683
5654580
3770574
6296486
1710739
1691527
3952327
9122581
4581150
7805773
9818856
9709551
1497489
9098574
3367910
1255678
8751051
5308335
285685
7086157
2073909
96855
3063595
8483764
4755537
8744812
6117729
5463834
6972547
4169182
7951278
3834193
1099502
7799641
4517631
401533
4773047
3785358
2444137
3615739
2009457
9502949
109140
322392
9782315
7444356
6643515
9493957
1728910
6393174
4872272
2325600
2757424
1357267
1701940
8400520
6513068
4137160
5742306
7172432
5903737
1561238
2730805
164327
6761964
6114606
1292107
4445126
6919142
9948067
5734662
8580193
2001964
117059
8170433
8302706
5876211
8607525
6145943
9741265
5636950
8406699
9304563
7967351
9097352
4350436
933129
4265573
5210690
1278554
6651487
8416677
4415977
9181436
6253302
6354299
7377796
3707929
6150332
9926480
3896354
8388461
1347640
6738706
7485697
4749064
8126687
8150380
1347351
9576162
5146112
4596090
6418081
6779805
4337545
6105770
6348397
7693895
2159695
6469070
6421093
8363969
4735539
1175991
8999065
2724125
3894602
7706388
8538084
9620732
9083588
1401255
665925
5253924
7852939
4865204
873527
4947417
9931272
315632
2219357
8129665
8038249
7726192
8809876
9494373
3164628
3263522
4442285
4017815
9382378
9144058
1097203
2759121
8076358
1761425
5999991
562064
2707375
9306193
9349352
327161
5116626
7342629
657093
9655298
3732613
6488984
7679335
8161095
7928162
6825924
6527943
717828
5416379
3190505
8426617
1520750
7873426
3967984
9936336
9899693
2723679
8504454
7422923
976411
5192979
1990020
561062
4672235
6151608
4388785
5203413
2301099
9952368
5311478
1022333
7294919
3833246
2284623
4455322
9131421
180236
9653642
3864403
9586742
8657807
644478
4714133
6620654
9510870
7543159
6776435
7202013
7725973
2584821
1801279
3864805
6346990
6865097
1615630
7665174
945080
2782951
709050
1081327
2878888
1201778
9795033
615290
5065952
6159122
502116
3273165
7994846
9765190
2892345
2881766
5902331
816161
4055014
2951667
7869694
8329637
8576332
6184700
7928901
4620882
1564218
8953565
1953825
8406769
5146329
8560378
1294055
3848044
8440423
9805062
3786394
2106537
9761160
9688315
2635448
7190008
2030116
72294
126466
3558899
9777901
7613051
1516248
8641205
4542882
9725711
9801142
407083
4246920
2361733
2079246
6030019
7176301
8138241
2599178
4991309
141955
7274691
9557361
3536124
940000
9228282
6591031
9393505
3951704
711747
8995181
9024757
2619371
6612504
5736462
8667207
1371597
5548955
5405530
5909440
8428117
2997517
6526291
4883221
406874
552815
9225054
1802259
7053937
7076953
2755528
2397615
6129766
7024999
2687627
5193180
314531
3040843
765524
9233315
470565
8042418
7637628
8473571
7435262
9391983
6537041
3703529
5590524
9032229
5265734
7475673
707133
9255124
8359090
9665331
7066125
8191913
9704125
8023172
1362727
9812306
446628
530797
3378771
5412194
815213
8664597
9597113
9809836
9717742
5491037
6077236
4688619
9953564
2668275
1679461
1845895
2767835
9250791
2617884
1963133
4738965
1192118
3622957
9846151
1896979
3970348
6586218
2853610
5727614
5989989
4298180
1685739
2870798
8046769
7975476
854717
2938062
5446997
473536
7558594
6849837
3167882
9345806
8934890
4249673
1010309
8567707
1591348
9931621
408753
988118
6524094
7904657
1558455
3893483
4024673
3055371
1902829
1586537
5045802
9026905
4808328
6890261
8342243
1759213
9534513
7950525
1061681
5600180
7260220
4497431
3246996
3073573
3583864
6899339
8638351
992536
7619637
663835
5614383
9582391
3804606
8779753
5696180
1253700
1989297
9404930
8206683
1227274
1486732
9961487
9244813
7667056
7911810
5097255
4220802
6319325
2454546
2777365
3413229
7788044
9646359
4618818
2612763
6413891
9795880
7931310
808030
5089334
6408509
6897732
8617396
2384770
6849534
5326150
4599682
1657854
4318997
8681245
7933128
156419
812804
9811973
1281773
3482671
4389432
2893894
4121031
6219911
1569889
4417130
5914451
2653092
6984783
7602282
1767099
4362871
7293602
1290278
6067294
3714441
1745853
2199084
2615866
5215928
2445333
3411704
1274959
4784001
6973200
2789918
1511778
9172971
4253733
55267
292190
3407341
8774279
2493639
9947646
2178097
3024819
8745115
3968135
428054
9907365
3922704
5272586
2697821
1858975
5387460
9215895
2024589
1701488
8139062
8661284
693238
9582770
5327001
8956106
4948737
6542390
4640478
7979380
1380026
9772784
369601
6885837
5208736
7597311
3542164
7275495
4831321
9451774
7050256
248139
171372
1203487
8275325
9525787
6154226
6403393
4830437
372354
5566469
9675325
3391180
417076
66183
7137553
9924523
4234391
1519454
4335827
181230
7275085
6080253
3231971
9725148
351674
9501825
7153156
9313864
7590785
467676
9889253
2057355
6317923
8476968
2123426
7967291
5060111
11424
3214183
7855446
8431038
9799368
8523873
4508867
3802577
50114
3221281
3280690
2098035
7027191
7850579
8403126
4635364
8696784
3054300
261573
3253272
4024939
7722074
1472301
1240232
6214045
7977882
4759526
6141887
4923149
3865831
6827385
9903035
5494209
784812
760645
8619363
7180227
7273066
9909189
8126297
5231488
7885417
8115216
2286405
6582130
780072
6849197
5825857
311386
5445750
6467083
9585709
3852511
5987684
1845170
4547904
2073246
1619330
1711710
1578443
7746078
5912164
5685508
3547974
2524875
8620334
3700110
1271423
1885367
8979562
5460312
4730097
5445089
8102316
1456911
7700958
245055
1198235
8991709
2939471
6383650
9813719
8482022
4562586
6151030
4520287
6015518
1073694
3543199
6871900
9173559
3507834
3953791
4796763
2253350
4856325
8476523
7558076
6816251
9359705
8735087
6460895
2275168
1041620
9743231
5416435
648509
9121137
1992347
5628239
7352189
9124542
5605099
6224622
5651831
5281141
9638472
9776506
7733493
1172266
4287711
8429835
2050821
9655915
7434544
8317629
4781430
298035
8435980
7014848
6957900
1777866
3975880
5200642
2774593
8272579
3737354
481512
6708715
2649945
6056182
3380813
3339022
4388102
5775175
3341251
6231898
4545188
5203531
8003865
8908821
4149089
2862808
8813891
1973961
7326297
814467
6205091
2402568
8933671
2785605
5859330
5492312
5917081
8185046
2731163
669261
9808987
3080197
4580834
2585481
3524329
1980615
9767626
3053565
6268291
3801247
1880907
3008641
6600488
7651555
5637771
3812881
5589459
173485
2536814
5372467
9022752
808171
4275484
5408547
5809592
3708951
5191998
4949338
2002978
2611457
2077990
8498059
6962093
2830081
6401652
8738408
3863104
2121419
8799849
3609956
8079987
9186597
7710108
5691068
3500033
3589747
5681931
8724482
2296327
6182365
540253
6840744
464265
7448659
1759604
4411324
2681412
3132277
1966069
7544099
4731689
2295960
6673483
7499274
2050417
6946732
1765372
4844205
3136968
8164073
8027324
435454
2627639
3096004
5442552
3087974
1313795
371773
4693047
640794
9459331
2733188
6314738
1528794
453941
1217347
8825825
7647917
6833207
5746752
7065952
4976824
3364158
4693016
8849800
7283676
7035265
5065169
6476550
2967491
6142710
2628049
6112537
5461005
4613515
4839055
298145
3764166
2892263
9302754
1375830
8525222
9504054
6667435
6472925
592052
7437158
257668
6044366
110161
8062461
2049474
1963303
1551809
6559902
7836562
2877913
4477497
9251782
141653
9474819
8844336
3193451
2087352
2594856
331391
7955623
5358568
9172776
6862686
2651003
6807697
3150426
5585013
1157183
7120947
3714353
3977226
3060019
3616955
3431912
3655668
63496
9739310
6741284
2281118
3041021
9345317
2073646
4182946
1278635
1868383
7594010
5125588
3735190
9756333
8625097
7211855
8088072
2637716
2974933
6873834
3892000
6559826
6300172
2946428
6627491
7727630
104810
9433889
7574795
375749
1693587
567807
6672613
4803029
2715595
4178023
8429458
625344
3846716
2639236
9225167
7246323
9194411
6202288
1303483
5959937
9546644
6331763
783499
4500622
1445563
2398141
6257047
2430282
5896474
3305585
5845233
8681851
3600376
969306
9525250
1202470
564744
2753943
9782457
3890856
3728384
3721262
5794477
9465173
7417861
8293637
4280565
1861150
1463310
3440270
4464324
9874626
640510
2122012
6822847
8954554
8121955
4995121
4624013
1736698
2957238
8336140
9130446
6138157
9408496
2280023
506496
4750319
8533270
3458321
3400981
3782480
6552115
9902194
5981031
8093046
2036578
9003977
476988
6408121
4954096
2811923
6716962
5733715
8338706
7153368
8414158
269760
2521539
1497748
4821284
8527860
2639177
6397165
6806449
5956966
4061233
4596760
4339698
1323604
4122968
8518223
7189840
7332815
2836505
2168175
3764289
8796787
704175
667247
9047000
247362
1013289
6939234
6718404
548658
9914743
7777416
4316768
1766207
2656964
9353164
8353686
459922
4702590
3055887
5502482
3064580
5694148
1161290
4028645
2072190
979065
4454232
6975096
9755987
1515335
3726969
2497246
340938
2771499
1595020
2632226
6390154
7934730
1428756
9559175
7235134
1531438
3696785
5095631
515384
9188893
1103583
3455309
9002919
9790628
6073275
4679321
3911459
1712436
3420339
6486157
7173309
7461384
6314935
3083169
3533153
8517278
3648095
3612376
7451147
4423374
682445
8713206
7232641
9818522
7413209
1850935
7868187
2698629
7281867
3611550
1170313
3372525
5882938
4192092
6553060
5214547
2918344
9959209
6722614
2458815
7524951
1618771
8260403
7952213
3119363
7023747
9398534
3994012
8058564
2304974
3324862
3627266
4825269
2558523
5467698
8949858
5339154
2646657
3432770
8081051
4700922
6453468
5449682
9830955
6568744
7298056
5705803
6529457
6704835
7059548
9485930
4370620
763861
7673096
3224080
4178770
1025531
5132976
8011141
7816132
6524318
1958963
4769076
7947682
5788742
3884773
2996561
5412343
4483356
6820811
6999339
5588492
1312667
5487363
1884185
2272612
5792473
1587741
3571805
8391194
66958
9821388
9763352
2621680
654244
6365917
6172092
3313943
3275882
4895485
2921980
911499
9173514
3123125
774360
3843680
8432050
8293082
8279278
2459644
7619537
7953186
2416914
4901636
6609241
5966607
4041297
8812581
5837256
6808420
432794
3830881
2036011
9308500
3259855
3016777
7971618
9200678
8944758
6719806
1127050
1542321
8950712
8284388
1783400
2694765
5324166
9516318
2101687
2997826
4635776
4737040
5045945
1268136
5508030
9638033
5369164
568778
8025354
6036181
2656074
8198101
6396329
6180630
7106638
875750
1493563
4147317
9481030
9955221
9822024
9227148
2214289
9201448
3146979
6985515
9369777
8382089
6199078
822018
1583690
9391042
7991030
9152036
340850
7919831
8117010
1137206
9599052
2780212
2734004
3605283
605492
1889483
6348474
7241066
3857341
4254082
5024350
5315877
3529904
2652967
967124
9904267
5398980
1384987
7728358
4044156
2737134
3683484
590844
7378533
5731863
9780075
8519
8639493
5784484
470070
8024222
1717138
8571175
2429150
1606092
202364
4060049
8043336
1612724
1591914
3690279
9806706
7218545
468209
2082497
9070936
101155
755179
2945754
7642366
7310308
771566
3025629
4551440
4994884
2749962
2165359
2059931
9627510
742356
660481
5418498
8474337
2720953
9187026
1853503
5425909
5015941
2423246
1810563
5258976
63185
1700856
9712542
426138
1310357
2199171
6801490
1443622
9367049
9121597
7428464
30553
2062233
6895295
7102350
7516568
8255172
9800737
7494237
4050883
1795572
3018911
802793
9672437
5150070
7808021
877976
1587334
748733
4020191
5699502
7958052
8782047
8345536
9709735
9449170
7857624
4878466
3506681
5758798
1320397
308289
118995
6261999
4055175
7668099
7943031
8419067
2352206
8275854
1551590
3403733
2387311
9060687
3263327
2826444
3045742
2356964
6755870
9297460
7214024
333169
9910466
4463549
7035773
2663800
3767527
6456255
5807527
4689238
6076583
6746601
2692304
3976158
1862751
7831081
6711734
3307833
3726995
3771525
5787589
1990313
8123406
7907490
4101521
3346780
4672094
7370182
5241494
9683852
2482975
6713253
3564486
4335598
4746261
1445434
3571243
1642904
277547
9331691
976482
8625123
9237734
9859543
3585001
1951244
1269635
4771430
4125413
7706086
9424284
5459410
9755300
4281307
1301667
2165894
4210100
3408031
8512507
4223241
200771
5406643
2630989
4823372
6193569
6662118
1485194
2825027
1760633
1580093
3526758
1812989
4915237
73609
8290832
3130947
4841317
5425655
9532700
4325431
475802
5188984
2483125
6580677
6348904
1745376
4385515
3688713
1366930
1619638
3485779
3426413
6660963
6516233
5917669
2984170
5605499
152485
2199139
5252669
2510233
6490737
4870180
6162224
3491583
8334471
7341187
4173061
3928497
2524631
2831186
4458599
2974592
7196295
186694
2592373
2629117
7304525
6832668
3737435
4392218
3126740
3094828
6206226
6819284
4772212
8360386
5106255
9535325
8662895
9481684
7992650
4441586
3820636
4704348
4052475
203512
9119374
764209
9285569
3660975
4559089
5096499
8839062
9045259
3301712
9595526
345055
2955508
8743182
6743736
6051628
2093457
4152772
4342006
8239211
6725143
7121306
4276609
9376495
9685486
6118773
3896313
6383329
165351
858723
7269145
85855
412040
8633553
4254971
5111437
8528307
7418734
103326
4885584
4845352
3849931
4275344
5267238
3221159
8172188
2163145
4923123
2270728
4815400
733851
7085410
7001207
9872615
4267782
2751210
7455635
2991492
860557
7444960
7788868
6128342
5400107
1023103
5814423
2039836
8472622
3815480
2297061
865342
9410732
5594323
6145958
103650
3755338
6037215
2219670
6445433
808892
5535756
5838716
270052
737553
1264314
4388926
8338454
3376583
467593
5907272
4445919
4315988
5204204
6924880
1683847
2044824
5431146
6120873
8296462
6461221
1219967
1088677
5350334
1099392
2485305
140219
7345345
8244636
4563376
3566882
9253474
9952710
8888200
5054479
1118433
7658604
2613197
7163728
5178073
3869205
6500421
6633412
8319630
715947
4132029
9706960
7474692
131483
5086700
5593581
1163340
2299780
5137959
4085236
1394326
8822113
8671405
2713439
744907
3902068
8069104
3940966
1776753
590579
3403996
1128380
9250846
5299564
8402713
1461572
3423433
7610035
6942826
6057691
769219
3049433
6226653
3028821
7645071
3629055
7265085
4544753
972680
9637220
4326725
2055503
789895
6776292
9874130
1410240
8601410
280479
5537251
5691403
2852873
3722535
6581770
4746209
9323513
6559997
4505790
77363
9917565
9772907
6325790
6927810
8927301
7029234
5791360
9699517
3713822
5429587
3670113
9476761
5209520
228098
4720679
3819300
8389421
8819176
5424185
5663207
762778
2297061
898528
3829615
8052268
572455
990318
5436666
4170375
209822
609893
1324031
7948041
884960
3170318
9526637
857212
5923513
3798395
3072595
6735135
2878722
9969779
959619
102985
5210309
7193846
1380521
91756
20518
622561
3707018
5864823
2217002
1837581
801643
7902347
7483529
7273418
5358343
8087730
8631204
162153
9170805
362420
4576079
3167374
1631524
3106868
162747
4319139
5001853
3599830
5858406
7083334
27130
1021046
8332175
2281159
5013344
4642814
3317271
6313302
8129130
7296825
4262821
7606049
9794691
878544
6827078
1691419
8637250
8960892
1111952
4785141
4161103
3828112
2616607
7434455
4007179
6108613
9353054
6474774
1127669
8511750
3057489
1130821
9646256
7123240
6132616
6817944
7190394
536733
4671454
7503338
7148210
9944316
9209712
110844
5118728
8140073
7119926
4773001
5196041
460284
5405133
8744206
5484921
1462754
9643659
8495795
8211398
994933
9724542
3717567
1646432
1340818
4912815
604398
5190083
7179287
1265041
7023304
4790942
6509569
3011354
3345377
4049202
4551677
8982915
7215429
1043175
6731044
6746378
8704710
8403872
7094492
1753854
2510349
800633
9490090
3420569
9792995
2903796
9328969
1469244
4666204
8267418
2530902
5876808
7001556
8757974
3959987
9781197
3840704
6467526
3591556
9122615
6232546
2260182
4416910
3862873
2825137
7064032
7832303
7870182
1835473
3392770
1458882
7791039
3249081
3057575
3084274
44550
3075007
5710322
9095835
5383060
242264
658415
6387094
3035451
8877362
840343
2664073
170180
956738
2845067
7026252
5110377
7660640
196848
6202500
3080939
6828777
9999848
5458050
7792525
7883368
1758676
396236
737914
1883137
2002676
938368
9508175
8741820
7440449
8124471
8968619
4975687
3373913
5798734
3150481
8245575
9042122
8361787
5651083
2764314
7074713
3318518
3115403
9521782
4858325
4333354
5121938
2306240
7768536
7516003
2113169
414325
1508492
3367806
5266881
9465981
4987090
2893638
8546151
8395730
5599715
6202273
582812
18897
6285485
7553511
3125670
1779146
6091891
7469497
1024517
1919980
2106586
359849
5943034
2636415
7289637
9589405
6850427
1998258
5763550
2915950
6262079
1794071
290142
7137180
9726866
7535642
6237643
3765783
2443582
5470689
2341394
3079542
6533223
3962901
7285293
1231675
6931208
5174720
9765698
4328796
5882036
1877416
1498196
9669099
2586446
5873143
1179669
2023237
3552486
2180976
939830
998076
4133764
9568048
357261
2715203
2020185
7219435
9867048
3943509
2910616
6015525
2619592
525052
6203022
3169783
470194
4495728
63423
8113744
5289234
1033083
6129558
170892
3560067
9763852
5431204
8931527
9708710
9377886
3014995
4941464
7781778
9188263
4212590
6144961
2316653
7104390
9795134
5491792
8660195
6589041
8795629
9639521
7610588
61515
7205613
5479016
1614052
9157975
1820206
960228
7966182
1857334
8247121
7057820
9946900
9690681
8983888
3849956
56948
9899424
6501665
7354846
3193408
157602
7579338
1558044
4446428
2671565
9510438
3460138
7189368
1332530
8890223
9609822
2547462
8380647
3268672
9193293
6793116
919633
683429
5867400
9177645
8832440
8186313
7835180
3268336
9748813
882050
6375538
9215377
4424344
2215074
2711564
8888894
1349544
2915528
8233356
8787078
6217165
8772909
3429750
7441519
9431102
6248281
6835304
6314909
1789280
1314819
6532673
2876399
3091382
7598431
423723
2178666
6888662
9357404
5146878
8017244
426042
649118
618776
5545756
2009829
6211417
5735051
2994406
7314705
6555153
5574158
2218498
215159
938045
6141511
3561029
163120
5518345
4246723
9632201
9075169
4861803
4453766
4562627
8139946
1001954
400634
8319158
2750419
7452515
3377521
6521703
1530994
4190416
9522237
2571878
3971619
832058
2457944
1680920
5144055
5975367
3118918
9372124
4234746
1886740
8171671
5666363
2130720
7726887
5498232
6427624
6844983
3770133
5678708
3858342
2210404
2410625
3262565
1837125
7552690
7047898
749378
1607719
7323445
8939986
2483711
1307771
3618969
6950208
5908890
2778020
7363564
4584683
2501368
2557415
2307536
3200032
994717
2632720
9821784
83773
560406
6555989
7303160
8033892
9187714
6788127
1420087
8443222
1032272
554688
2471282
5296364
9649680
3726312
4359504
1063011
7944225
566877
131670
2911604
3390710
7118416
4534261
2258609
7030007
9584352
1563827
6867756
1014881
9755473
3591132
5412940
2736584
6147405
2828593
6085148
731672
2565442
3913821
3217779
2036091
3304491
3928555
2456200
6390287
469957
2559417
5205604
7405598
3542135
5877144
9748611
7927379
7864391
4034670
7707378
8127458
2171974
2140155
9519285
8282412
6767685
1279610
5671237
2531978
7426500
5864715
3346899
6923775
4035758
9889675
5670865
1360679
1602774
7816249
7383910
333201
709705
5006460
7866189
6930420
697260
2426275
2555751
5841257
5482757
6106277
9870384
7507519
7632487
201261
1149161
5757148
5557441
5537934
1875937
6797148
9946828
9520792
4274660
697792
1954600
4739352
3942338
8124064
6098783
4631159
617197
8796116
846693
1467916
7639879
4685004
9812918
8318063
8947794
6372991
3709652
5448762
827056
9897244
1937575
2877756
6071968
2097845
1525208
4945521
2287993
740758
4944739
3948963
2286812
9487415
6442737
5152807
8967882
2992858
5699076
4169936
4356371
4487519
6485989
5617908
8452892
7730338
9174091
8004461
4109574
8900542
7173829
6215129
406848
9668384
3259501
2695123
5798930
9171563
3404194
7867174
4163809
240007
9160708
7870404
9054780
3314312
3234620
9629957
1395337
6795069
6173667
8987991
601527
1696889
4237376
2931706
618490
8512187
1030836
5686094
8774683
5209610
4708433
2364607
6629329
2448124
7429691
8936473
9901274
7758959
1956011
7179521
8332086
1832752
2585024
9631317
5245518
4734817
7937160
4005459
6963293
2976336
7480886
826467
7792324
2223004
8251821
6939680
1504456
9868493
6609999
2220030
7074061
5376877
3757851
32685
732127
7740595
959305
1564528
7130554
2561349
7627990
1226988
4445243
9896592
4009887
2603473
3564415
7582654
2967823
7143508
2223769
2980161
7597123
4415992
9881366
7221831
8106102
4716235
7431673
3940642
5375948
9240460
7262879
9792830
796060
6881161
5294695
8268702
8641574
5575779
8407224
1108622
3827395
1530940
6882785
7246675
7496780
9382757
8847720
7558753
7751057
2658553
2138402
9457648
5362582
1594664
2235148
6744117
257822
3471245
6461813
5204573
7965696
7294866
6750454
4130337
6570365
1671335
7133908
8595153
3064703
2346092
2092508
8700130
8932032
536412
5987997
8803004
646599
6412510
2161979
6694967
2447017
8405669
9910670
4798039
8663638
8152064
7050974
7134909
6560149
934541
5528701
814915
956748
827320
5861686
1792607
700384
2227673
6882655
6427100
5871620
2067667
782178
7841610
7778168
2690422
7483675
5607860
8557177
8502627
9365115
1463843
5958640
990612
2849993
3419056
3853506
3650987
1120134
3965172
8404698
9575371
482734
8188832
6449162
6327818
4167530
2186658
6792641
8374336
7421447
1078204
3116711
5531398
4638620
2170022
9049453
88587
2478779
8255992
3065677
8331626
9344240
408754
1011122
3025671
6578445
5823916
7284065
9054323
6231106
3928050
7108084
3557701
2268823
6653509
5354326
5726243
6917804
873106
1403673
2242704
3213930
767761
6668240
5252897
8612155
1692925
1822287
758688
3368234
88096
7936499
5630684
7938420
2636913
3751653
2862673
7001957
3792305
2233551
5442370
1123960
6622892
3838766
3255200
5499002
9165564
1885608
3879780
3504485
421618
1222457
3803735
297310
6989034
5403513
9152821
4671233
2131495
8838877
142276
6010568
7792867
7575614
6333771
6304956
7907268
4092951
2408568
8233156
4068720
7158709
5796317
471278
6969605
4254461
4979898
785946
5205646
9429209
8308913
3496124
8771219
5772534
2892501
4008380
3018531
5758415
454151
5491444
715333
2383789
9788865
4858336
4903178
5194658
8482886
9923910
1956630
9617857
4542178
5790256
9898931
5381294
1912366
3671829
8421077
6668131
6556214
6474634
1449054
3154750
7512935
636161
5915512
1715708
6666085
8423858
5543985
420413
5911426
3627633
5741260
4357708
6103201
8678881
1022174
2090776
8981593
1016368
4574093
7958053
5353558
2227780
739811
9550173
8926818
491179
3590721
2356432
205424
756264
329698
2839462
5648141
8265720
9445481
5256033
8973949
1177474
8018147
5814074
1947469
3602020
5488694
6653985
9318341
8541015
84331
7592343
8538254
1061654
9538783
1780604
1948286
9467648
1533695
1164072
4100085
1895737
6245043
1519322
6066387
1117765
197059
1099632
1218623
3280965
3717066
9814022
7521715
5037964
1867986
8884348
5670843
274581
379896
528731
4279109
7039648
5196604
9178739
6127219
1496646
2001659
2145599
4542499
9601684
3322929
8349270
5398617
3747057
3839100
3788364
7613461
4548243
1670081
2020463
3872116
3930658
3305309
7972367
4799747
6574892
2065454
1865776
2854403
2810750
426727
5755227
2178512
5966216
8268677
7401990
5701087
588672
6135715
8958027
8133892
7218248
2917235
6731920
532329
2502811
552453
8548910
3699724
2013757
9775510
979693
1718854
7551317
7896517
4032706
4204484
759961
9176041
1487716
7143965
7495463
1673534
922786
374871
9641411
673790
6467043
4068761
9126130
8125032
2492332
9489675
7866837
4642397
7118573
6570448
5661612
7673960
5656118
2380117
333294
3858304
394585
4951200
7999008
3154406
1424346
1628179
9428749
2896931
115319
7453665
8554506
2321121
4675787
1118418
7277733
5393748
3087012
1953060
2042390
5354400
9278310
5586338
2326328
4335606
5140349
8382352
8468091
3180005
7359732
4155062
2241964
8859169
6557762
4256631
1365022
6945170
8035223
1533259
7706539
1203639
1451203
6222816
2340875
1877196
436960
3607309
2076308
339965
2403040
9629687
5165404
2555298
781879
2322243
8465358
5511933
4525092
8226911
4587357
9794298
2140685
2189282
825852
2123053
6723585
2799672
2542827
2768734
2335890
1247622
1291192
1227646
2659917
5976234
8396012
7962451
6281211
2564192
2806897
9309776
2947722
1977530
965447
6068201
4802068
6656549
1129620
2016501
7482009
997163
306587
1831240
2386417
2423177
1210654
4525308
1886036
7741433
7860496
574912
2132420
5914329
9538732
214887
4555379
9488312
9145747
4777298
2208452
1828860
2918963
6277738
2703237
9130569
4283371
248219
2936883
5726875
3863478
6012115
1806994
751183
4863616
8096962
6516815
439989
4856222
1740221
7955318
9371959
6605569
6481423
3297097
5576824
8512360
9410757
6827873
6554852
7829345
6827265
4128994
297634
5876135
8750045
7088031
8629582
7724923
8622497
7437182
1397316
5508524
7647818
2011764
3400252
2149239
281634
5264918
1658316
4566152
9245910
1880992
3929380
8758153
8953815
5108748
6752526
3517362
1244636
702509
4131578
4708675
2405687
9889768
4472782
4512899
6866447
2290073
7031870
7441282
293841
7330968
8180729
6718961
6387495
1459547
6330034
8248743
1455234
2722047
6419737
5753311
4901172
9041036
4878753
571552
7705724
1049687
2342027
7178252
1643747
5917347
4236603
7647072
8417645
843089
5364723
4277694
6545386
3878628
8385290
7976786
2680492
4188624
6910833
8542339
3371344
7874703
7897063
4066114
3833135
1970870
9145749
8765627
4253931
5242754
5516793
4687547
1964426
70525
867766
1013405
6238322
8072134
4134779
8235613
5228169
6151466
3624002
8217915
6540006
4554840
1326400
4852854
8712864
7463087
1164409
3587933
1979527
7564210
9506202
335286
1904686
2042890
579626
8856627
1274913
2588802
7411313
1628199
7908056
7494627
6117459
141654
9511400
3355748
1376530
8796693
6082053
2356532
2689820
1475680
1253348
1815472
7331995
7424530
7386935
8635406
9800724
6876142
8222586
7748272
2454745
7286636
2094817
2726408
6047701
5067616
7167620
8498298
1692985
317157
8754692
1575829
8776687
1255000
9377686
4298054
4370503
1005959
5432831
3611025
9376436
4699789
2065412
9377619
1036744
3583862
6805437
7430819
804497
3714687
7324170
4624656
8372025
5746513
6752835
1647966
8253270
1874243
8919696
9017980
5320373
4346465
9205226
961670
725547
8913934
4843412
5893498
6453039
8940948
2285028
7239175
6423208
9816525
441844
4471289
6020647
7784554
8979504
1627445
7551513
569481
8412601
8980922
6806336
499703
6767488
4328154
1004314
9920282
6683351
3019950
7926950
3892620
655166
536360
3468477
7095205
2646060
3080266
7888152
9653321
5117213
2107435
7816534
9194658
4517549
2236611
2115958
1188063
4535331
5625974
7831495
9953784
8530371
6405638
2526402
3179260
4923985
2950726
2258842
1514265
7723332
6529145
8430927
4400935
4505571
5420761
8143395
6679586
5833913
3314514
7424125
8662356
2125072
3526226
9688381
2993247
1701772
5079106
8163087
667229
8366281
4436798
7584637
5684439
2240212
8173326
1658606
1764145
7985066
7429315
7560022
8653859
5481767
182680
3529315
7778797
3783951
1632310
7487031
8536118
5006395
4736493
6984161
9459016
4281281
23617
5779713
4266729
2229359
4407879
4165257
3033585
2697676
8983047
1571255
463599
9247334
3502489
4733358
9638581
9628089
5617161
9472814
5894479
7662957
8861268
7208884
3887143
1364955
3698945
8717682
5183796
4057292
9184705
260667
3619281
5239955
4620221
3235277
7805788
7314350
4684302
9453956
1614624
9410929
5089883
8247492
8218183
2706583
5363615
1140912
6963355
6060516
2904998
3260355
8008890
3474585
8890796
6490482
4376470
2073282
3363497
6326741
2507540
2368738
4695908
5182969
5322243
551621
1944510
820266
918211
7093054
3455259
6557314
9221476
4410119
1927124
5577188
9309559
4078874
1045604
6533249
5205879
3909318
3103895
7640466
2417342
2026726
4208781
6836132
6369782
1278775
4428464
7963146
6291340
4964527
1208172
2158330
4755361
241950
2315495
1504657
2788468
5254913
5268475
5593646
1514828
7236550
4892753
5293505
5865144
911396
4189534
488448
5935471
6684221
2108280
658763
6392347
9639665
237975
5843962
1832427
3680576
1090344
1921829
7430216
713379
8765902
771982
2205986
250433
9132759
9356192
6927076
7021781
7524680
4002729
9388369
1292059
8161292
8013206
6810578
3925117
4285484
1611716
3254326
4566776
7091619
5715070
4463998
8489911
817765
7472731
6138742
4085057
7227982
3022461
2618954
3255434
7708460
6067944
9140827
6657320
4766108
9312416
7743863
7721531
3481417
4312301
4257034
4005948
3694493
5188549
6259708
4800635
4615697
2975034
7089835
7656611
7028644
8256947
2999652
8888394
7984429
228270
6377540
5172521
4319154
1243286
2619125
7646681
9337070
6647584
4554912
4803797
6265723
9927092
2281471
3335146
2572559
8303537
620299
2141406
3437487
4345745
7981911
6121335
2695576
2427697
4853846
6270196
7725136
9726589
1856334
76898
4245372
7680685
1629505
6317426
5861206
3324795
426296
8928501
5526086
8815668
3883172
9629431
9568274
1298789
8041240
1099250
5527709
3271536
90629
2827056
2282113
728459
9286847
7405529
218224
4348642
5282075
7759148
7356822
5507759
2341990
5393734
2482325
1500207
6102165
112653
2114565
7041480
9726026
8217977
9559206
8736438
4554839
1275112
3115545
4556612
2972006
7531635
7858674
209100
2762712
6018747
1153446
3546570
1846547
8193746
1181082
3123935
1943702
6326230
2940390
392687
7072792
3256188
4203556
6258410
9214898
1858071
18312
5867304
4538727
4832785
2539922
3234162
4299055
2363406
9823234
2954283
7127136
471799
7594930
757387
2336453
6542480
4623305
1080190
4562875
3299243
8502717
5100637
7278609
2299528
2549739
847922
2994464
2357558
1920044
5159349
6025109
5093101
602364
1850124
2308778
5779999
1288985
1478398
4847351
7690203
1191688
8596907
3593001
8304940
5607865
7784586
2141287
8509863
6302743
1750612
9292133
1746600
4704598
269562
9756559
5693104
1078781
8441884
9647813
7698628
5203201
8855799
6195795
6642836
2889381
4382719
7330324
5742646
9262829
4259785
2582495
4968071
316207
2491679
50229
8743408
5464291
4744319
4081476
2150742
1128813
8637903
7214904
9248166
1364635
5040000
4411400
6353402
9345182
6624330
6157176
4748130
3500801
7093867
5157012
6324931
9585991
9818605
286147
5022086
7209942
4590387
5936211
8859757
1392335
5771431
7141376
2649838
885152
7626722
7133504
5851652
3949356
6746277
3828208
7233276
6884874
7874481
4549796
9531359
6731922
5072772
4390130
3045819
6054975
3873483
3415889
1975701
7443070
446152
9314252
502753
8630016
1306180
1928342
3085322
286203
7715457
2246730
4052816
6912518
8973724
4395214
986370
4253854
1516836
3493502
7131005
2684053
8349092
2616342
6779884
6697987
4884810
7745755
493037
9349168
3421548
6709228
6729896
1660278
5572256
6115371
48288
8851159
5763410
5837161
9123765
2106377
7060494
4818270
260525
9750461
5619916
8234149
1650188
5366371
1432411
5088373
2475066
3418406
6009161
6977645
5945309
1644257
4374357
8204723
7306940
5958324
2531163
8141814
7270641
3049505
2959323
8324667
8972933
29097
2683279
4520275
2466974
2777695
3786929
2045802
2284777
1385413
1340396
9379461
6086965
4570592
6731557
6241430
1688372
6330553
1983055
7795728
9674817
2560598
4929393
609059
6281878
1213682
8376029
5239691
8673126
1895339
3808515
800215
6101342
7963559
9433454
4469652
9207747
5239501
5739673
859135
9037065
3842122
7776017
2283582
4573440
9967010
3231182
5981395
8865356
3211878
2365012
9379618
3527252
8871465
8318253
1345462
8869229
5629284
7441863
9267407
6973061
637807
1458231
9916525
9887631
7652398
5033259
9637726
7343399
4281136
9806817
1733345
2392747
6006066
8601374
6794532
1113044
7178625
2838427
5239193
1389511
3181083
9026133
2502363
2154868
2178990
5715801
6188124
5466815
4868018
2474931
5605395
5810017
7475571
9012162
9722913
8981124
4664741
4776550
8908109
3357573
5557873
5171723
2041589
226413
3201661
847017
331635
2956154
6351075
2728180
7692930
36360
6005967
3828956
9792340
4827901
8659186
88878
8406317
7634715
7066898
6994712
354451
5594975
8634612
5033639
3784483
1249751
5330816
7267733
321468
9520243
6978652
3249544
8596645
1074540
2889320
1459306
2215873
7709445
7247107
3444503
7472646
2043626
5752575
2907407
2099402
5919114
5653677
9394678
2442844
8342632
3726229
354896
1741189
5237667
5272989
5385132
4938137
5943464
6621386
658654
1127037
8212336
5662879
1725962
281256
3796073
487560
5903660
2556851
8646175
9545347
2954886
4534965
1947253
9946289
3805087
8667297
3523500
5019944
4448849
2087602
6741378
2270708
3887692
9678488
982838
8184241
8476061
2069539
7229618
8679293
3061655
9332576
7828683
8410833
7552535
5825711
2106463
5592780
6963073
765313
743671
6919447
7860697
2086922
7474170
8492601
5970565
6184499
3924983
7139861
9034716
7877084
329651
7846769
9022268
6504766
6018104
2478324
9704710
2709161
1668265
1641867
998912
852143
5305494
7793118
2914796
6460582
3920180
839382
908454
8216877
6759945
9295748
8505783
5869613
3534346
667616
7120455
2420321
2417776
6242869
8460717
9020872
9980944
3794081
4045844
1427730
4414623
7706925
3046585
9456896
2613828
7488218
2455020
8883242
9141657
2667705
7733754
6270777
2236143
6255997
8125880
9870954
7945939
5313398
9796585
8435463
5272108
528051
5049990
3724741
8168225
7113627
2693301
1735626
5787083
7703217
8626325
7703888
7479836
4753380
5275493
8800119
8299278
8169726
9918485
3851334
7706103
9933819
5843230
52110
8717141
58792
2681716
2681228
6185784
9914721
6684153
8178482
5438869
9859406
4156033
928141
7187849
5004001
6614346
5353843
3842283
2152167
2818192
7337219
7941536
3350341
8802393
598737
9187410
7297475
2061158
5340898
8136269
8063389
474840
3390212
4009951
5658877
9858058
6228776
4807147
172752
728590
4811414
4850950
657019
6101346
7664347
6245121
5284460
5461942
815009
6004077
850884
2457152
3402770
6220787
5068722
3765013
2976217
1748705
5626867
8215139
6773277
2717232
9874859
9478061
865778
8520
8687010
987687
1826343
6127622
4217898
7767734
2352567
7661684
292933
9260981
7978212
6334355
966055
8625542
3455716
4652292
7833664
2676537
4820703
236581
3423323
8518127
2553184
2864358
4450249
2578879
187848
7989971
9334517
837902
422007
3232465
6262460
3385856
5055750
4817197
8848863
4477252
3484999
8462987
8489082
9839810
375860
7032058
7909415
5612370
8970656
2678130
7646597
1830518
6033816
5918323
1030650
6136155
4904513
2518528
4248138
3811218
9195209
3989560
7091590
1135307
8098599
1656396
9561185
3620307
4410217
2369311
6134931
4684965
7932989
8692386
8862627
5695784
4524556
7302701
2659622
3419767
4609950
8162252
4020964
389700
4016321
9341761
7910845
3716373
5098706
7335931
4425824
7457246
8632689
7612545
6233955
3179111
3794389
2179841
1956916
6626914
4968554
6832011
1325584
6399509
8688975
6601289
1222465
4208004
2894179
1116889
8245574
3501905
2051116
7160881
1987497
6413769
9150609
3624449
3056425
9784234
5568134
8480592
2654102
5419290
4265228
3172904
123762
1477141
8842913
1081108
9108136
3630752
5296400
1216259
6636363
502450
3867992
9601545
5671761
3516617
4862527
5864508
3783950
1588564
9772690
8228454
9415521
1901596
3886855
2832733
4615203
6346380
9942263
4439160
4173426
8638216
907543
2759420
5728777
8210717
4138130
2235413
9961622
5733250
9590279
438865
3665716
6925865
8260492
860300
3982252
5278692
9870025
3805647
8706513
2904972
2004177
6281635
6238418
513678
2323160
2440454
8731213
4008040
9087024
8102373
6286270
2179392
8345790
5179777
2241812
1517074
1764866
2082948
187804
5866047
3893484
4054842
8365792
493753
329780
6875233
4335007
9735198
7220236
3760974
3001060
9752640
1085024
3816148
6394273
7563678
603624
9660063
2852169
3300971
8033450
1592283
4729210
5432834
3746033
8321
516211
3932740
3172027
8127776
770957
3056842
1297546
4558644
423289
945388
853215
7643260
107290
418180
3029868
7822236
2177196
3033122
7212299
935935
4098249
6495743
6693080
2889101
7626330
4992636
6408128
5301798
3529020
7817505
5710015
5125271
5208236
260146
8222409
5370974
4062636
2883228
9348699
7325577
1801748
6453821
7973575
6395382
4009491
248026
3177227
7473080
6184346
7650615
2838569
1134337
1091700
268441
5956051
3041594
3452808
5683719
1078367
6410120
768690
3432988
5257582
2733635
2561826
3275880
4823455
3288032
4178033
9607742
2794256
9548958
591854
3265263
7345369
6213992
5355389
6711948
7683089
9389839
3744648
232812
7879140
8031349
2245639
1701947
1528109
4246834
3076456
8517476
4689983
8139970
2177051
8959766
7874107
3268002
7198146
5650612
9857767
8963279
7437888
1917685
8729326
4759245
3145838
2222604
8255904
3664297
6904367
1359961
4895448
1144250
3546105
9900531
9608277
960003
1693071
4500895
3306836
5940753
9973793
6050607
9728476
9070453
4921144
32051
3725359
8669279
728076
4410432
9927799
450528
4242847
7053012
2524671
2486304
9041127
4033131
544897
1540799
2566979
7363782
7010981
3712357
1834258
8171909
405929
2814749
8947398
4041680
1776489
4605395
8971617
1451199
6007482
9831424
8595077
9268675
8188933
72765
6051328
631065
9870831
2013508
3724817
6370368
8271036
3851246
3668033
9723932
7804439
2666763
2076111
5705937
9218881
5817904
2284697
8024736
9761775
5816400
7994547
2585507
1437564
2165693
1426725
5029905
7947199
8268656
6383019
1224811
5979
3458466
2954250
1933996
7554113
8626404
4305953
9355770
3347506
6155997
9803431
3350638
6353744
1120652
5336577
4611708
8042556
8320522
8611623
2622973
711399
6927571
3977474
3601587
6747515
4784355
7272605
9508495
536158
1325392
6523186
5993693
9316741
9968181
3565453
7356681
7877825
998584
1760645
8674548
3444430
3937550
463577
6354687
9337271
6817498
2404803
782064
2334945
845854
5776279
6282308
5206195
2415907
4649878
8732897
1414095
5233422
8054755
9953924
3247123
9202481
2700770
9961879
1534102
9050771
474291
3525815
6605097
495091
7848836
8161150
1131948
5921786
410404
8528488
9880336
7867536
4830525
4618316
5759893
3826261
2309618
3026399
8152856
3436017
515095
364914
2740361
8458680
1904181
5906372
292676
1439723
5702516
2448885
6732260
3260059
1834508
3439439
8956121
5710136
1182319
7377990
1105707
5346770
3657029
1802071
5482363
8685262
487008
3553705
7002999
2368674
1611466
7988682
2066832
7924317
7218663
6142314
8763684
6747154
2116431
5847292
2067930
2945962
940213
2728640
3732079
6130486
8217767
8069775
2788443
5398096
4632651
740210
2369426
4366254
8143636
905354
2754471
1681550
1978858
8824966
6582263
5586040
390802
6866870
3305360
1766172
9913362
8195368
8692431
9916
8943720
2899823
5135780
9141526
698490
5941006
5414797
5485547
5661124
876450
4962995
6938783
1733318
1093201
5639992
4221213
2967085
6633525
2824818
8408859
6116212
7095424
6969079
4508476
1635347
3115250
2097476
7731576
1796441
6545074
5593784
5096640
8741720
7866661
425344
2570127
3919842
1331169
215827
7724688
4877643
5002303
8525331
8682846
1297619
8076016
2061637
1303747
1895342
3957099
4615282
188452
3564071
7763697
8811018
1777217
6202810
9720712
3407492
7465288
1239590
8754359
9029532
9296197
8209970
8903256
3967743
147142
6012836
5148677
6550643
5985184
7215176
5604434
9307041
7026622
2041002
5483103
8311243
9369696
4502308
388043
7930176
8635383
8734614
387827
7017717
3503889
5195220
9502789
3331748
474413
6662663
1221646
8745095
3036278
1045988
8316987
7337960
2058972
482279
815017
5312365
789503
9137581
7236799
9159002
1075697
7409558
3185644
9120791
2090046
7302720
3587707
7863336
3414769
5251883
9985319
8755547
4218875
7551130
224294
5684128
4042481
1894984
3472530
1422667
4493271
9101797
7958319
8174281
2149662
6337453
4781182
5108945
5673716
4720580
6240583
4317500
3532570
7257208
4476657
2241604
8272024
1203803
9367647
6242486
5907939
3065240
3989902
9650151
3120616
9502905
8917230
7447095
9979155
2555762
6371106
1305380
1949589
5273621
2347777
7891161
4397298
750217
8550393
4821536
6888498
7111466
4063563
9890568
4169967
1653753
2398074
1718807
5282203
5614676
6967811
5375534
6042533
7283578
2330351
4693337
9388779
2863782
2688790
2102529
5852126
9172587
2502804
203997
1188446
6236103
6194757
6883516
1529749
6044472
213603
9683148
2071216
4330208
9528725
4698509
7388151
210501
1534589
4820355
214735
463331
1515684
8764180
1504476
687569
4383880
3314804
4685096
8009394
7381448
6378155
1283259
2768049
2828082
7641955
4249652
6427701
8547384
5547526
3575864
6606553
3657489
4099271
5506485
2174613
9891607
5599633
2206717
1945145
8847906
5351162
3992874
3452534
9250143
4908170
5828836
9892213
1451659
2122976
2990502
3435593
1792506
6007426
7146727
6602614
2208301
3523376
6294915
9774768
9177844
4599932
4753705
4197288
5710182
3393734
6254664
3132292
2653176
7032985
2334789
7605346
684313
3695573
1231536
5858333
7685706
2191394
511759
7141221
9283588
8722424
3504069
2002038
3700050
5409804
572441
299817
2884899
6146464
7751937
2191959
6727817
1962131
6707219
4185090
4081588
7569162
533572
3115331
6018363
3179685
8675898
1464836
9961651
7157621
3898457
9214188
3558380
1507371
3608454
2700517
4459752
8294128
3870092
8147272
2333375
8946087
7886873
4707728
4553044
2402350
6836201
6079982
3050210
2133498
7614294
7319680
180661
2495111
9712034
3935742
6201306
4208120
8461937
8147871
1790358
3010258
779928
5795035
5705771
8557945
7071512
51487
2351542
5113128
6261700
254328
5739375
3291944
8496486
182237
5577600
11547
3817434
7252201
3177045
3314896
9087562
8691392
1845782
8638795
5622754
4115822
4433057
9578716
2121915
2121327
7284491
7303911
6691906
7570911
9494789
3063851
4067318
6577301
7900728
5639820
3482618
1819001
9920639
7151704
4502985
4149268
2973336
1477149
360046
9964868
3533946
1519200
179211
4969815
590616
5185497
9935709
1034685
7878016
7380927
3820448
1739263
2825980
1085292
9724404
516436
4714418
3570880
917357
6762530
9293764
652341
7996054
960529
2400977
600962
1325284
1309541
3550713
493509
2232282
7208887
4023659
1962625
6943508
7244899
6299075
9227253
7260871
891210
2872672
3137621
8257117
3031701
6908367
9918344
3583204
8589631
4293534
4282603
5722704
3860026
5585946
4613818
7462186
441675
5924819
5968760
2933881
4974034
2914847
8929945
438521
5449078
9251975
9426278
1067721
444878
5914420
2301452
4600769
3778304
9852387
925047
8851175
6553470
8235984
6333850
2710241
6200681
7613541
8391822
1781444
8941116
2822183
8371178
5940747
9678510
7520092
9755628
8012267
2284454
5956790
8836466
1176518
873268
9234134
3895700
1261244
3038329
1239843
4187066
8917164
4234811
5039063
4585413
741040
1772779
3914436
8801909
9633525
5843546
1387994
8491483
8297592
6601114
9560175
5194851
8431426
9475113
9561585
6146211
2618090
3673146
4861739
1355748
6266725
7936965
788175
2911932
2407539
9628132
8098280
3013290
4393276
3869958
9298200
9395594
6122715
2224074
924469
4443738
7019562
8677050
6757596
5612972
8572200
4396689
861429
8159499
5324116
7072599
1929378
2733769
9019581
4009905
3462923
7442955
7282350
8051151
9773710
2291096
3555327
5138494
5944114
4456303
9594693
5567083
8076779
5329304
5876362
5554367
4624928
495595
1332316
5209533
8317187
247376
7813896
8669757
7047402
1731323
5442653
7949392
1925075
9665578
9572677
4697231
7525775
2474886
9864656
5927709
1074056
4222360
7996617
9381854
4165367
8343018
5580865
2253782
8902012
2098093
9860472
5313703
7767668
200167
8921045
7030843
413379
6194630
724061
4298126
7854689
5465065
2650202
1722702
8750257
560860
9926557
7632831
25121
4730153
8156939
1978210
6110685
8693317
3452047
2512217
1580135
5539433
8955228
7706324
7610133
2923640
5537914
9350272
6372788
2658703
9396777
3074734
9281648
6318652
2376802
8100288
5701330
3524966
664239
2276066
126167
144600
740923
9638934
397043
6142327
9386305
888628
7589680
5099643
9623604
7328592
7055744
9143944
4039378
96404
6290500
9762558
5633739
4409118
2637127
8074742
7655900
6272200
3809369
3848952
1925644
7040739
7526354
6028750
6407656
5074536
5655603
2825816
6270902
8234191
3703591
2753112
3202569
8465827
3161369
2738285
8930990
545920
1296408
6186643
1062946
4824335
7771871
732907
7861312
6395663
7552258
3009753
9959014
5342096
7451165
5323552
7874316
6286672
8185340
3912485
1422573
8478490
1864955
7973712
6442861
4153084
2625342
9641435
1824374
836969
1883488
2186683
7975280
4822671
7921311
138089
5192165
3667018
27922
5711200
2171040
7858437
1852367
9905645
4790961
7398434
9856459
1306679
9236847
610043
3443615
2118479
4030937
2320541
8704309
393898
5333273
5400259
8388956
8499641
1225534
1375992
4734643
6792184
5211740
1599778
2717316
3376893
1728522
4486119
6001500
6270758
1291464
2033157
6970535
7703684
4310412
4475473
3213335
5588126
432879
7961068
6656172
8078839
4112942
7768067
1646577
8334456
3757424
16936
3780474
1531885
8499723
3365393
7037141
1632278
5959329
710361
1325862
1933630
6657354
6432589
42671
2322070
110327
7291815
3371846
6670411
1097599
7363757
3041521
966676
5074177
5076755
5416027
4693098
8229921
8954934
2602421
2192990
6916982
6324884
2176673
6028753
9732632
8351349
5111094
8729337
9267600
8682539
3299006
8832436
7976636
3170414
5848935
7034010
1465454
6265473
9315189
7414050
8902973
7096334
6777676
9561393
1772131
5064317
7658105
5027357
9961367
744358
7630030
4725842
1406860
3520045
812325
3437965
670404
6828989
3465135
8567819
2128524
2371228
7450563
9794330
212205
9312548
3853190
5197948
6952887
1358209
4246823
414951
7387781
1445945
4054790
5854946
3754469
4541386
6217514
4111277
6227912
9993380
8351410
8060150
7953429
7017280
9573948
6738710
7656154
1783725
1584506
2681873
3760867
7246969
7651871
4162933
8303229
9529831
39329
2697157
3336196
3667923
4399791
3702435
9401130
4323084
4667645
1868341
9247108
9386675
2010525
7567973
6610782
6466694
1704331
1561330
3757857
311374
7185615
4712169
8872394
7394708
8535655
9783832
753452
5094752
8433794
8577673
7998363
6146912
2947443
5299204
6160243
1779601
3869400
7675086
9652727
9997917
3723016
1808160
1919176
3118997
7566550
5013797
9707849
3223687
1977187
1288811
2329414
2322316
7434060
1695855
4640971
896704
4593458
3215449
6985563
3562612
4434613
2756942
3553750
1084343
3108454
9607541
9890496
5338499
3596905
2759600
288441
243401
5214288
7189223
2241061
5692869
6525134
4408987
7307695
8841709
2620101
8309101
4180876
2023224
2950229
5589749
2621951
1666435
3676277
5026300
9267174
4929496
505073
3173322
3498557
8016039
9376648
4505548
4321087
8904716
7359806
7711654
1043304
8259184
2145316
7653365
1365337
5362760
7572872
8173561
1202520
1706524
3326296
5752593
3772891
4607106
7667790
9812428
1410434
1180472
7205528
9644479
9784084
8947036
3333103
1215840
3172568
671362
3152445
2418578
5304947
4497595
6298923
1898357
2016655
4621363
8029111
2827753
185798
9713179
8859305
9283802
2267282
6271715
1998107
1980977
9826415
5487894
773830
7559786
9165944
621871
3974824
4563771
6519431
9297154
9245204
1359492
8407678
6244178
7090304
941485
1831515
9990581
8344886
9670900
3478230
8111924
7314784
1799235
1313980
8932452
4010766
3551129
3820034
9685789
5305525
2210175
1115976
9769580
7606096
1327843
7412997
8372072
2914903
4474844
1921415
4257933
4611266
7147050
5423342
2245776
8349769
997888
1752024
2435660
7774994
507152
2864303
1820988
5158621
4414495
4744382
7114252
2431597
2272649
4300697
5615191
6853053
7441889
592871
9891314
879836
7497005
3458220
4238613
4024325
2137754
5828308
1209493
9553541
3707628
8408537
2632951
7815227
5795570
5850317
6638685
918424
7921331
1127644
7291776
9651383
558834
5319834
1723887
8060741
2931306
5850573
2199612
8521660
5340191
8638396
3173405
7499393
1279805
3818209
5210899
1249470
3102275
3601200
4872892
2879206
3881042
7477383
8870851
49702
108582
6947640
9830492
954250
9198909
7069432
39128
9779444
3097916
4254405
957337
7254631
3708416
8232238
5322336
5052892
1060568
7463587
925033
8158411
3120700
8180754
7898206
8936126
337790
9012988
1071950
3260116
2988399
2554429
9155469
9682730
6760881
4146888
5532262
4949362
3163744
8978593
8823403
8129682
8867530
7497278
2991509
1686066
1902335
5976408
3033987
5356702
2993089
9432708
9438491
3381914
6151105
7919604
1627457
8130765
3003656
842657
7999527
825255
6854418
6218792
9418174
5244086
2723003
9442021
6008270
9555216
690557
4684066
3452791
4889888
1190683
9065311
8372919
6122384
3028491
8484560
9645940
1161434
3471320
2511470
688846
4789043
9942842
5183715
7800604
2594339
6282553
240667
7471547
298399
9235819
1313823
1761826
1489259
3452663
510806
3547101
7366399
7204304
899966
6101640
8302183
34284
4963364
7995062
3402442
7189250
6987240
8747401
6557329
9942147
5183014
7511031
9415609
6147559
1600793
7906873
7836543
1941154
776382
4127714
2730988
8992263
5489778
1021532
2205022
4017913
4156208
2450875
942641
2481820
6826431
897718
3526630
3120012
3738129
4360864
3718009
6227248
6330597
4097928
7784756
1950391
5987862
2299241
5450173
1870810
9367080
2113720
9211390
3371456
4628725
6169175
8614672
9716302
8626007
9128287
2379379
1077553
5266332
2809549
9573434
7646612
3209470
3567824
4401782
1947439
2148988
326817
5294275
9468068
5058960
8756324
8191375
488162
8919249
4220321
4532283
2198329
6390289
5483053
7680258
7672463
495376
4828101
5035217
3486409
251787
7399799
8857676
1618765
7963989
1886700
6253653
9962573
1334475
8790101
3136713
1368048
1983954
3178369
9423881
2790579
2559677
1363802
5858809
6326939
9297668
520922
1582623
8217910
6323541
859753
3307302
1048783
9004259
9228117
4982486
8280965
4496174
4812433
3705188
8076105
6351345
792149
2617012
2098698
5470021
3626286
7807592
6508698
9410899
7657938
3990859
6834303
8317103
8834713
442780
7460837
2419006
5805503
7692005
4261290
8110172
6646288
596376
6688112
4345067
8844431
8466899
9137345
100122
1210062
9493503
8098472
9235811
941986
4412713
2602112
1891991
9968613
7656393
1550714
3528615
7551072
992485
9380021
1661483
6426232
6793047
7600018
9950728
4702416
9753992
4241412
4914487
4667333
748753
5005598
4271544
3067287
2168644
9641256
9959196
6060773
1253253
2801000
5266617
3936362
2445323
3062372
8977426
6988721
8338269
2344358
2235191
718845
4144660
5927388
2380039
5462013
2961662
3781350
646260
6860174
2547676
1942476
7642231
771473
1388270
5042720
4032123
2212966
1618460
6046247
2014959
6629645
8349076
5181498
1411644
9260882
3197120
7201230
3520038
5352763
2565784
3624923
9151744
3012752
3691841
1351606
6372552
9872996
5887097
3639297
431322
8350732
8858561
8930801
8198408
4476022
5146591
5728753
1285004
3114864
275272
166394
1786258
6429144
9390378
420215
631243
3379770
3322131
6041783
4640040
6733365
1337200
6100289
2312310
9439556
4469441
6224519
673884
5127793
9520385
7625262
3775004
5962683
4961267
7408427
5884198
6370930
4867184
4897647
6636425
2777277
3422686
2765123
1370631
9227058
9804332
75202
6262705
3680309
7286217
2748012
8679086
4389895
8436359
6445291
4024678
800697
5582238
1439102
9309695
8927137
2576397
9274614
5312365
5742877
4530886
2668129
2811522
4152215
920011
617570
7966299
7487694
6983474
2970332
2877491
860970
2796165
1044429
169476
8114849
302584
9904883
1578353
3394900
8554819
7697279
7199388
279281
9150542
3105781
8486117
937040
551405
8262003
4029181
3970152
8221346
4397715
43759
8539767
6975876
4784360
7547146
7891556
6705228
2096602
4988979
2905032
4885730
1801177
5152215
1613580
9361983
1270621
6483237
7005158
1249307
8071034
6404476
6212712
1157874
6890476
1908598
6289314
7844353
9864933
2554746
7673749
9210179
5157858
1164175
9075015
6988156
2626709
8526194
6076356
9032897
3975940
8083326
2573959
3546359
8454044
3506153
4779299
3165880
7271395
1466550
8844875
4421351
128313
3084446
8367149
9915476
9611283
5981762
9805105
266818
7664936
6272264
6889662
1687317
577389
4247108
3741851
2176729
5727462
2813319
6988380
2715598
4319819
4749858
3030403
89772
4936022
6754189
4272195
6817389
5329627
4689171
9605185
8151403
395805
305766
9243577
6719968
8965431
2090226
7810927
6954630
640100
5859477
58858
5860437
8600433
8213711
4924000
3669134
6044000
769562
2840106
8208949
9984908
5683577
3478758
57402
2686725
3106197
1318288
8746141
3189308
3427569
1073873
3475080
7031722
8483414
4649217
5872058
75691
199433
8704357
919965
5310130
3052083
6460275
5881215
4952116
1895664
2731065
549357
7542298
8737802
3306475
5251032
2458490
8590334
2652060
7506039
3308191
4202891
7706593
3802731
2183352
2087901
4405488
6173215
7187234
649346
4814829
1907284
9288499
5617462
7224038
634536
7994286
4067848
6156545
7844692
9444044
3014177
5412144
1385357
7111823
1235478
6824624
555079
1069709
5795088
8259608
5869322
1261796
6930052
9767756
9335583
1978225
7374394
7258752
9720547
7623350
3998236
7444740
6001192
8184654
1394252
8595467
3366658
7914919
5152057
6347725
8820397
7038868
1103804
7060986
661612
9715292
8243816
4079357
535331
4138694
9552174
4825886
9088171
4544936
9783268
3146272
6414612
1717254
7168258
5738501
4528994
8488875
8577825
2540367
1458815
4551980
2763519
2257848
3877738
3573680
1838065
7400413
4905812
7207132
3195643
7214478
5488712
3733112
129920
3766204
602248
1668382
3914101
9407585
4724552
6237460
4588886
612554
7224406
1852702
9267536
5607903
3686159
4108153
6630977
8247787
5642069
3829606
7629520
7950127
9441982
4122307
4944160
3708323
8404712
1557274
9306323
4792968
3625972
9445061
1771874
2055387
5729357
6237999
3137249
7089966
1370294
9727896
5956122
5557489
3723796
330947
3297121
6722506
7887637
2047369
9335179
1071471
2830888
1749504
9751248
991605
432215
9434895
1967516
3179204
2226089
3296071
6367718
832646
1817600
9369400
6953219
4009851
870243
6641792
6085175
2076472
6352289
4069465
9579749
8810546
8302630
2184988
7948166
4616196
3842784
6184529
6333876
3184742
1106757
5704574
1133341
1128861
3819899
8792916
5544978
7451389
1488533
2412073
9013147
6931412
9823316
6884598
3405450
1085597
7703030
8904215
892549
436766
4269906
4587611
6174762
5707497
7972149
4663389
6617365
5496998
4529504
3080425
4194976
9562957
5243663
9063763
731123
9613062
7927177
4488261
8747885
3467488
9667601
6597818
1436179
2402629
3719670
2504969
4033086
896297
7902898
530944
5377000
9711777
8292227
3331467
3694643
2379038
490707
473189
7596709
1224098
8277848
7434336
8678943
5988345
8811651
6883654
8186621
5923546
1491843
5023493
8011209
2129591
3557182
2308518
261078
2889138
9429328
2943897
1882788
1965368
5772428
4944589
7643891
8887516
9289126
7613651
7194700
7066575
5338434
8493172
5923129
1106712
3535019
4096595
4832295
6142868
1951386
8144105
418235
5721730
7178360
6832502
5270884
4412706
2271003
1312332
907572
4155131
781080
5160386
5750111
1437967
4840182
985934
1364179
1350088
7470127
1990501
443011
1208214
4173267
3807196
1187109
8839449
8479413
8009654
3131688
7070026
8581568
7937252
1182485
3723068
7711001
1924840
1801503
4120396
1798557
1880023
2721323
1069774
9824140
1035527
6664125
7268005
5577393
2431292
4360019
9154034
9332035
9314627
7703524
6660764
3249077
2864868
9561707
6534858
1751237
7353620
4449949
4848397
9426856
3697441
3202073
6940841
418905
4507360
7894894
21315
5550675
4566689
2876203
5788112
7066941
5118596
1783008
543338
4758441
8060447
5490827
1341625
1589999
3912231
3024633
6784431
68068
5904799
2494523
3125784
7291091
3953424
3804076
18216
6982074
8929236
1571832
7395110
579168
6247204
5197187
3768940
7239159
5642576
3987282
1938833
6182543
4472027
6593022
4833245
1679607
8859520
6735358
3441360
6740524
4647546
8061053
1167126
505542
9002018
6604547
7509524
3761220
540796
1440498
9563766
1275885
9853575
7918606
3777105
6690737
7206147
5969796
2649455
4443393
7169681
7323418
2812857
1491547
7488735
6895903
9854219
5455600
5389820
7779200
2200467
2258630
8045584
9456602
5224637
3395382
1913535
9745976
9861229
8272512
7965488
1908675
5471223
6850447
2103704
3981448
5533589
1872734
3158206
2999396
4677758
753094
2819488
2819626
9462922
8315765
9184024
923693
7452362
1928914
5097404
2228118
289608
4338484
9846936
6203227
9241111
5121554
2817829
6602244
3166914
1287737
849309
8094346
9193179
6631425
7732979
2428006
791695
5239410
8317729
9626631
8634744
3734201
1894852
9512533
3911388
3351776
5194490
7812226
2532070
3609397
3032323
8918330
653270
9663510
8563576
2816591
9782714
9921236
2400729
5407348
5742910
6155129
6606723
675019
2563360
4048989
4646699
6269052
2850222
9973842
8412115
2317288
4192238
11067
6070077
184816
265573
1734814
6199262
6206246
7796395
7871458
9591715
915171
1877136
3065490
8355162
4622812
6918531
8871838
2271348
1216518
2336069
4785518
754135
9877629
9874184
7207538
6027389
1753112
254110
2083015
3450622
845465
9334309
7597377
7226042
4743153
7511970
4397985
9055030
8651156
1266190
952777
5217412
6978175
7411211
6048031
4253394
2700603
1923626
3405114
1940321
1356881
1012767
9006503
4981844
271883
4350398
8349025
253461
4309191
5117477
7865314
1810343
3256829
7932738
5603716
2207132
5220758
718519
5186285
5276273
7454489
3401186
9534202
9709804
5635189
7279251
9138550
3695211
3378758
4775243
3680123
6107580
9814725
3333417
5755506
8971796
7350910
5213974
8797654
6749513
9032940
6062906
861968
649911
7795173
1469524
1381109
6888464
5494764
6825748
2801700
4221949
4906923
1405093
4606816
4794524
850658
8342470
1312912
8102377
8097821
6331063
9824426
4855343
8575169
4574325
2388760
8699439
6082916
5727351
6779390
8391443
9787364
1833951
543341
4903254
8864386
6708211
7762495
1147699
2285891
642618
373797
8105493
6419087
1693632
5268569
6869833
3624853
5762214
4409628
4670838
7518953
5942503
8313857
7251839
3780213
5746196
5725261
9826965
3169303
7528435
9990107
4990414
5081646
225114
8821030
7853009
8253979
2577891
828801
1153451
961699
3378391
3855481
7342138
9421391
57419
3509595
3858103
7473856
1563296
2949671
1169757
3186780
3108382
6128635
2771196
3747631
9435746
5093485
9798974
6271756
9457454
8065897
126665
7398800
6118363
4127131
8144558
5529655
2278034
5184040
6694493
3972075
6075846
4715878
6938053
63873
3334895
1400751
3530278
3957389
1820062
6840175
6558909
2315950
6723178
6886068
7257219
5004621
3003773
6487724
5495212
462404
7059386
1679981
3366772
5544109
6364911
7943442
3824130
9227473
1106669
1439379
5881296
8854148
6009454
4363443
6638019
928910
5375709
8407494
8247099
6027913
6195202
9851781
5200855
9681219
9639741
3904685
7900211
5028279
4121628
392418
1004074
5892101
3250778
1096055
9194863
4048039
1159337
6295153
4447585
8169100
5791503
2977216
9745214
3727727
5543923
3705541
8349866
599370
8349978
6031366
5118644
4067207
1240339
6130450
6511689
4667871
4840798
2258355
9581855
9551516
6606687
9925689
7040756
8351864
4890031
8124359
3596584
156633
3329589
5992285
416948
1004206
4725492
1281306
9191646
4285091
7944073
5414302
7994667
1126944
7031618
3448145
6014582
247187
3447202
3540987
793684
9610922
5289401
9080764
3101537
7279393
1638282
8386880
8915006
751539
5268613
3621126
9028005
2716363
7684405
6517789
4092243
4272034
6668007
564577
6549259
6284344
2791732
5164779
5107922
6621114
1880529
8328526
39307
7166392
1425004
2024596
2062012
6867643
7074970
500709
3151776
3678957
157127
1462901
469367
7664883
3678075
7926198
1172526
9544265
8947257
8652356
5929823
2485823
2596221
1089942
563071
991412
7918018
8940269
6724861
2656327
3411516
9004002
1704504
2727568
86147
2206101
5803484
7965584
6525344
9499969
1421107
2047189
2111951
7707957
2524952
6866230
5962958
8082359
6262622
9459812
9165272
1742339
354492
6013634
4787004
927773
6200960
4301294
9794341
755631
1456771
6564436
696561
2247952
5020996
4889996
6428840
5503305
4523522
8722758
714597
426604
5371177
8109840
7359066
5568173
412156
3978017
7692096
8663001
6438406
7230705
243272
3286916
661117
2600625
7726811
6684252
4253761
5860732
6039026
5773489
5837900
5899452
4655148
2767119
8241678
5464303
6265329
7675352
8134846
6465272
9118451
6537575
2385401
3741658
6916321
7998584
5624905
1520128
8828525
3758495
6555821
4261737
6284359
3532767
6653968
5660805
2265776
664089
1795731
4406374
9289159
9186607
8190555
5567307
2126220
8627411
9767771
1330879
2949576
7589278
9703659
2305725
2440316
3714835
4004759
6694839
3904544
1089474
2567010
4405165
7334385
5363775
8876717
7100531
8049374
7843757
9066393
2487814
8148709
4577116
2863715
6994712
343137
4531627
4914186
7985819
3660632
4786894
1171994
608877
6903878
3318086
1226472
7006487
6914949
8849466
7953839
5473124
2442653
9163514
745751
3453032
5744782
7508941
9192892
9574097
6113577
6459580
5880514
4662543
6284285
8621164
9810755
4528194
6973134
8603536
2611801
9196352
8810923
9726221
861149
5181024
2941714
7302079
6215890
3567414
1349422
7112172
804991
1770910
3765980
6541871
1954842
7185207
1818952
7545932
5175087
6203813
7812043
7305429
130462
6123852
6741858
8634157
9169660
7698845
1303591
8761659
9442311
3220970
5073154
6051305
4929757
3294520
9745639
1200236
4959790
3218007
4039155
6089954
3366479
2630192
8877024
5962353
400172
6189982
3306713
1714251
3451267
8308743
4118433
7709274
4415916
6220689
343444
2573985
5622222
2086199
6116224
7669773
4870148
4620569
3232988
8285655
4895499
3630583
8192809
2609717
6041974
785851
584075
8210105
8593033
5290606
133552
4317598
8285001
6867875
1491723
3267514
3611284
5071240
1248623
8574915
9114089
4672996
609145
9713290
5153714
2440658
3482127
5690687
1863371
4186567
8282190
5402233
3003186
3124774
8858470
6362846
504926
4793179
8509644
7115916
3235283
8111630
9893915
7516923
8625097
5843546
1423333
3089965
6324635
1530966
9021515
8199397
1869308
5591254
431509
8922069
6124174
5508281
4984380
5326054
3350265
5118712
7360571
4842875
9148150
9603388
1579597
9928683
9586893
3040598
5693718
6330721
7159420
6357620
1816270
5449470
1468479
1297092
6456500
8232833
5249877
5564280
6979958
9554235
3655532
2006033
7478432
2451850
6822159
9309097
9960929
5864540
4108266
3508959
153403
6222035
3416347
7289633
9386516
6034538
7251757
9787269
9123463
3297544
7892579
5723135
7906467
5021390
7128160
728911
3524287
4980726
7198017
5197306
9509041
3115936
1669394
2444018
2235829
7079990
6400298
4098049
8165186
6854001
2847768
8937333
4731443
3302957
3238246
123295
7708494
1831851
9422239
7408511
9964229
6938620
1015232
98169
7606883
5782675
3804262
8984178
1050965
9904202
2250806
5340382
3739143
2975633
7087983
6335201
8228147
6752965
7909620
6219629
7952215
5222408
5671793
74725
316769
6782395
2482909
2025432
8842526
8502322
2016140
6962738
421004
5127558
1250546
777858
653321
5583346
4548354
7016848
3490237
476257
4697194
8795402
7139602
3313606
3081699
9986326
7045241
6712567
4028770
8123789
9631267
9378208
3645042
7211067
8579453
9396211
9304008
4563894
2184782
112520
6116088
1098883
5160878
3666038
9313087
6604162
5693731
3489504
7898102
3905760
9436884
9692726
2691536
451297
7810322
8463345
8987228
3845382
8420398
5181712
4146807
1620426
4251514
6006225
1736730
2507126
7515604
6592871
361926
5504664
8573174
8962997
2070424
3086859
7395887
4547142
9449774
8437242
7271073
2689568
6104066
7974659
8397418
9840459
135613
3111795
3131796
153865
8348402
826429
108916
6291807
4687595
650644
356066
7875674
729589
2689673
2786818
2845503
300000
2637644
7890924
9710905
2151174
5201652
1201558
1639167
2944123
2002166
9871195
2837106
4828922
1699475
3040328
9443043
5029948
842838
6775935
9395594
6986480
5620398
430055
5820009
3249957
4280178
211125
7494169
753370
9785967
4080088
2250407
8841408
4874157
1005292
6833498
2995656
554396
1664476
6324051
6902299
2213160
4153147
5661512
2867602
6916894
2074019
5413830
9155731
5587940
8235838
147472
5152982
665998
3316022
6904368
1425957
8866714
1680676
9027860
4086219
7071728
8684438
2327959
9531140
8226587
5729294
3207486
8468622
7287558
9892767
3906095
8835732
1682812
2928688
5946640
8949469
3333671
9438733
9504076
5113508
7808985
1257830
58138
4657487
6910837
8643504
5804634
5882185
1434664
4549150
1258021
9260175
2590392
282534
8463601
4547777
1359595
2359556
4327139
8141611
1256507
3288253
1646869
5659160
6756243
2282622
8557008
353125
117078
290954
2180137
1640415
1283272
3411411
3924611
9132421
9826861
5981302
4408585
4663376
5970609
8338215
8631738
527678
3790822
7485025
2472261
2238618
760923
5281850
3234424
199764
3538807
4074806
7209454
2382697
7432339
2533565
8652102
3060459
8112165
2165600
3581519
409931
7537055
7342867
2472867
4608927
1524015
6724541
8991192
4085473
5719144
1655817
1366122
9678813
4236106
437372
6740372
4001379
4359938
5251248
8949494
4548743
9011772
7646156
5671065
3001565
559224
6765320
319557
7167597
7380899
2512605
3542249
3700378
8928215
795407
8885215
5550376
6918418
8559575
6797118
8500207
9960769
7547500
8210948
5800633
7471386
8298221
7464220
8998412
291494
3911892
3458721
5924623
3123927
1520954
934444
9446303
3199363
2242650
8454846
1397250
2323392
7243411
9580869
139113
4291152
6780436
8578413
3671347
1936950
402456
3695410
5831493
3936566
3285625
5432887
6311561
7990107
3977040
3230411
7804651
6004772
1424235
955726
4584277
4851648
794237
2729234
8226471
139663
4302570
4280027
6626291
131816
4381464
4132580
2758523
7938712
1259062
9159027
2290014
7213469
7102099
2191968
9149790
9356022
460643
5978324
2094931
8197247
2085388
537206
7205944
2741756
8707471
7688033
3023063
6947903
5737612
2068709
724399
3828966
3654205
3301536
1718947
2477132
2496195
3058353
7082794
7531438
4603158
1673050
1651720
4894372
4187570
6372766
9621745
7631607
8042739
6332022
5767320
3406740
3204562
1573623
9988789
8484134
5857070
3119077
2307615
7012687
5820579
7310637
247221
5060887
1088995
3944414
3317218
3754562
9049068
5744332
7692530
5375113
2506332
2705527
4711282
3205693
5802536
3273749
2620496
4124335
7398456
7021347
2413798
6364486
1495542
9052630
207402
9625276
4508605
879276
4482046
3698523
5097384
1239317
4542110
7613926
53006
8598759
2467074
3537431
2311007
2981416
1031407
9104391
8188941
460818
8889794
8482871
8362946
559410
8797276
5268223
4590889
8312627
9513317
8229326
3078070
2581896
9593467
1587815
7176669
9081762
8906005
2476032
2877023
6706615
1939238
8946031
5166349
8376658
2062049
1096044
8646534
9375396
3562717
9500805
8225003
2394837
6215961
7001820
7901166
795813
8011303
8571792
9358699
7956472
2907218
9753022
2730737
6632313
5628601
8058503
3765036
3299426
562865
7820654
6727239
7591789
9635859
1101111
1594799
8746453
1482826
5973765
9658263
8815984
2336588
6677072
1927165
6811961
3568635
9968356
3475226
2741788
8350068
4016940
7483970
223699
2503739
2920220
2645421
5810270
2900359
8552987
7595602
8999619
8227091
7049060
6538801
4777803
9794138
7722897
2310739
6810690
9351079
5995356
3671543
5198807
6164749
1185674
6649259
1526528
1572855
6468830
6282729
8723541
2772434
3579353
7251535
7289957
8276633
5602907
9289116
7092475
5083581
6032030
3597300
1152923
2800634
7694703
280605
5950597
9550703
918681
3563716
7396411
2672582
8249278
7206210
9039530
5403201
6606624
7117917
8423655
5699530
9306246
6023269
129994
341917
8814164
9127417
3160178
6555723
1373873
3457073
5244149
5738055
6664232
2889042
4794557
2336412
4578077
2985457
4716199
5662617
5832794
3867799
5730453
8832109
8968104
3547965
2088173
775709
6447009
3071570
7576940
3241681
4941173
9250935
9551938
5919309
9777085
6646775
9747440
1706534
44974
6774500
7252544
4215723
6367976
3297482
7384697
1284042
7046768
8476386
944949
1861020
8165339
2026906
4547512
27373
2530427
8194898
2793968
4526256
7582544
5310875
5448987
8340254
6399422
4462245
7272371
6766401
2173386
3649624
5339930
1562005
2827833
2948340
2559038
7963768
2756568
2247443
4919755
75526
5140377
9541462
7865143
6760043
6863955
6652999
2824651
367589
9993502
1114515
7369013
2504979
4524469
9681617
3312148
2442773
4881827
6850045
2239827
6359418
2838415
1798705
3284162
1953710
2892939
8359908
8135929
8451846
7564864
7495738
9381705
7485630
7993553
4924502
5341296
8189289
501897
859192
872623
8310188
9709332
7686385
1446912
396674
5117349
8685113
5707378
2273531
5915993
5959380
3181610
932768
7890333
2555641
560108
8931854
8687073
4020463
9795433
3129127
870028
3836695
7055095
7840985
1887026
5178465
6019501
2786323
6130035
3230796
9601965
9163085
8501554
7860497
620543
6979800
1949290
7608757
9598413
5450632
7223208
7436989
8901220
6382207
1496512
2019703
765101
5606229
1853985
4093382
6433136
4498890
1685165
8733515
2647719
8190298
1693081
4949288
3445210
8051468
8284825
2282907
5530239
7955899
8819337
3059846
235807
7758528
5742994
6896478
6418468
1075781
3602247
5054583
4028927
2689522
3895668
8813148
9651614
6635242
614237
4545987
2982208
5730611
5757332
9227596
7054184
2223805
4739413
2167601
9615315
6475114
770890
9050419
1029093
7625572
1960667
3152242
9354921
334935
9586538
2660113
1531966
8743440
7038001
9590906
6834007
6775698
1803585
3927152
1881957
813686
2023669
7653986
5732087
3795576
9129654
6172686
8345281
9895704
4672490
9727137
2228649
3681982
9223121
9151678
5823071
38188
9165565
7718643
6610482
8776186
5454208
9404370
506358
7555032
2662593
6554362
939441
9383542
902550
8301630
4257704
2803645
9790350
9449632
4306887
5475318
7676503
9516529
6697159
370336
8835480
3926159
4242036
1478519
5831682
5020759
6823285
3751150
8349839
8241035
5999304
959976
392771
1281605
6845573
9129341
5570072
1332176
8935767
2196287
1802260
7081467
9063417
818640
6323565
194542
7046009
7325000
5318484
3657473
3331083
1964833
2925276
8997029
669472
3213181
9909922
9926601
9748836
1989266
7908906
5319503
2528682
7838655
3236015
9886667
908043
7416723
3707594
6790327
9426008
4829869
6486608
1940963
8299896
4451675
4291639
9799817
805281
5099444
23331
2231130
6008986
6669023
9245043
388201
1451805
1719229
8878743
6864617
7167204
5206468
1555377
1644189
2179721
7478017
9607822
6643491
8310941
693230
9187174
1987678
3919088
6801252
6744031
2310127
2902376
8953010
6503830
3624861
6164598
5122486
4971619
3797487
721667
6178995
1003569
7520361
6789025
3734811
9661281
3509329
9364296
9763533
6787344
6466780
1139971
483029
7368273
9787262
1387719
6628538
7948164
4535116
5536541
942827
7478391
6870574
6623405
4751118
9915275
8654996
5883519
6311118
3379876
8399260
2549821
4809916
8105515
6639528
1547636
9510381
717741
1217179
726103
2162729
9328700
5293616
9749307
7980123
3699244
6362936
4864778
8777265
722843
7097166
3397754
4323229
3071629
7095390
8736916
1322123
3087811
3023511
2946212
6000162
8806223
935210
4651447
575342
6129836
6096130
4357437
1975040
9066236
2668565
756991
17209
8670507
9687924
6569262
7791261
6855991
795236
617675
2758940
5878943
7817105
3187505
284052
4580641
5287559
4396522
9602278
7463391
8276582
3107900
6757794
6117187
3806505
8963434
6379716
9540887
8625274
7291025
9470884
6753135
2737078
981816
5919101
5020120
7716820
1052199
6158267
7070338
7990771
9164973
4065408
5008754
1172173
9265979
1038692
8457455
9879561
4002138
7745334
1187218
2331108
176009
6943620
318003
3235106
9750662
6256968
6738098
8858647
8470386
3533965
4856383
3221097
204233
9972696
3427837
8278689
4167063
6320405
9678247
378332
8926132
916244
3328580
9973262
6263780
22619
1378898
5664549
5889297
9199353
2705157
3636525
8660861
5889383
6813904
2413787
2931835
6880520
7905154
8748545
1781344
4082716
4023223
8811322
584169
2263609
2145471
2158327
4502747
3331744
282460
9512440
8736264
4539900
1604723
1231623
4921141
3507596
6692195
6492338
1517117
258565
4338663
1680437
7770773
8251514
1000596
5536484
7404076
2600857
2136777
6965525
725502
6721375
9748974
8663863
7729681
5288001
8592503
2456239
589198
3864562
489141
5839253
9434350
4833380
8192798
2071948
6078470
6510319
5656778
9214479
249640
4419602
936182
9494441
3039365
5526633
1650011
6326418
3733197
1164790
5208756
8574045
655403
9805917
5884680
4394848
7048593
782511
7145048
9443948
1051975
3156685
5721429
9403755
4364320
8707302
7411469
1751886
8178203
2207694
9673230
9873410
9060511
4330265
4933127
8024902
959456
8856465
5843870
2407497
5944788
3453118
3905208
9156749
9730722
58675
4973327
2351487
6248392
463555
7399787
8256929
8723992
7762422
272778
5205431
6348249
537342
523867
4367726
8224700
4411748
6334143
7500014
4471315
141778
2152021
7430712
7886499
5848954
7920235
9262261
2638881
8851848
5472599
4235631
120161
5794994
3682537
5217774
5325810
4947034
8222580
7196149
9921623
4337953
966230
285192
9259832
2828379
6413304
3464462
784262
7798836
8761686
9466308
3973372
1602376
5378213
1136780
9090779
7015011
7107079
5383782
1536100
9578114
1064998
3219165
1790482
8979646
421525
1860542
1836962
4491033
8326055
8878170
1034552
9928908
3645385
7022859
63428
8348688
8982558
6740288
8076341
974005
6491203
5622412
1495329
5524416
1732516
1048288
1891478
2008073
9777596
1715431
421073
8494838
2437302
9260205
4084530
7759401
2787644
9142930
1573413
7250489
8771356
539869
5089816
5006547
2299063
7662171
6980703
5318543
6524318
3410612
1032621
633102
9217789
3411599
5422748
3402495
9756664
8490048
6103630
3724952
5809249
3920918
2921016
4705377
3396211
8406309
7244021
5496260
3674540
5074704
6600618
2413831
354477
7331620
6097481
8865537
2097469
1305841
2345083
3710421
9009072
761464
3173650
2574593
9414139
2325582
1908533
3193559
7317968
1416984
8540167
9484810
7907560
7462767
927022
3519710
291146
1598045
1249522
1677739
2610067
5436590
512715
2967586
4530231
4609205
8323815
1391045
4795496
8203234
2550467
2457405
6570574
116502
3388929
9185990
4249209
1824553
9449195
3687365
3390647
8251361
5465878
4992523
6203033
3707552
4769733
6111445
5177639
483763
8658492
139465
4525316
2229590
5045673
4901310
2682737
3359935
2133463
5916512
2463865
1012507
2774405
7631699
8963380
3784395
6297600
5138654
720841
8403485
5180649
5208506
4349740
2775451
7808865
8072564
3202305
6787309
4785969
1314020
1968452
9835682
9620889
948348
9545177
2625939
4894231
9520506
2897463
8631842
5544845
8349249
4373989
5843728
7337988
9738311
8002057
5544314
8725987
3394869
8730185
4714837
7045989
9265975
3223187
2472328
5476169
8861193
3599119
5051428
9700813
3417009
5715115
6647129
733518
7813272
2731863
8656518
5531269
7332822
4654801
1297070
7785378
9807354
8131438
9725339
8618152
4463838
4202087
2492247
4668319
9713126
6281709
9814244
5172422
6653850
5057131
4350974
8744043
2590982
8836463
1039247
1681737
4752933
471423
6250534
4167468
9102749
3600650
2387259
9517829
7923139
4498562
2645332
1502838
3315736
8720292
8130394
9666211
6590004
959868
9461484
5988681
8279889
3260441
9407254
5516525
273927
2336810
7007816
5358488
5288091
4491528
4132666
6902663
3025443
6897609
8486057
526560
163789
4240619
174177
2364041
4264933
681572
124038
3839970
4600849
7654692
2419806
3553110
8485061
299792
9348848
4738468
6872217
9766487
6602192
9734984
4418208
4099378
3775289
2947981
967928
6948447
3493440
4116708
8315057
2717346
4798625
8237313
3394870
9239442
8459174
8989809
4445726
2363136
2736832
5878710
1434553
7803457
2962346
3267664
659813
6763728
4341539
6317634
1573781
824815
2361848
7642101
7876615
6900963
4815374
2303641
8200930
8767807
8828958
7847551
1666681
5668960
8417985
445958
1762515
1177330
6556371
9485413
3457901
4794262
2130739
8656858
5142812
6784402
1722978
5259634
9249638
7889385
2542391
1975082
9204028
372112
3109047
4662728
8241662
5193782
7191544
5709569
7370865
4661058
1916598
6583986
4877304
5725708
6423227
1195145
8454418
4676050
5644122
2293826
4893869
8837950
5710491
1536405
8583097
1418752
61305
6536045
5971969
6840576
9144021
2685158
2075568
8176192
5829687
635037
1992441
5150521
967442
8451585
6431861
6813524
3461565
8977928
1387832
676861
7586051
6820209
4039995
9411878
32497
8440429
441126
3381097
235698
2498875
4656059
5116242
5584912
3216538
9210475
2682435
3978164
5085300
5122667
1360883
8466025
4137288
1514897
9764462
1317179
6249907
1451447
1193554
1180826
7520394
8397807
1360426
3180377
8526129
2963254
7750059
4820268
9944482
469618
2975027
438621
8137656
7883020
8062774
366750
3510851
5701912
6828400
8589079
4954906
2334039
7454159
1197547
9366240
5405015
3052754
5248921
1233396
4404983
5230942
5781301
8135077
863170
8317001
8034496
7059493
6804626
1856326
1236273
158597
5312784
9469593
4815810
3181424
8754960
9430688
1278912
6888792
4527055
2301486
547272
4936508
3451713
3182381
4584341
5318184
5969983
8929111
5016647
9425362
7182002
7872850
9705875
8619639
3700163
384795
2120170
1801664
1469490
3170410
5461068
7658359
7528192
2648808
1499932
9613153
7225837
128246
5501942
993073
4193853
7640911
4150927
322883
6309954
4377841
7510959
5921618
9072812
1344379
324559
8268469
3676848
1013427
7623710
6899356
3845836
2511169
1302656
6821785
8026925
6738243
1893830
7582115
1385866
6433337
8140640
943825
9315858
6123502
6657410
9122943
5287841
872914
8928319
5826527
6684334
120970
945995
7107079
5359646
2452927
8519107
3916212
7387477
1243856
4986619
6457284
7123782
6312478
1916932
5941729
6778777
4357743
1451312
2545746
9425394
8737610
6408493
6136709
6640185
8318506
1614809
1564225
9297496
8959322
9228024
8947767
5097204
9333786
6626839
9828980
6743090
994788
3102720
1250672
6842657
8905146
6570999
1884204
3173168
6296150
2275310
7898742
1238357
2687120
5370005
7582727
4050787
6137929
2025907
2575662
7522438
6374037
3833644
1195205
5569540
9223407
6149045
5714127
9265156
8180782
9282226
3917827
4729532
1005715
5514436
120599
5789759
2657931
5684865
6067925
8222924
3068185
633813
9995728
7926978
5254013
8838597
3405498
3698415
9419195
5245411
25501
6289129
694988
7722736
2845557
2907765
2627339
5399462
3445003
4757804
741822
5976452
5136793
7721223
4560680
4575912
4990801
6968714
3672057
2626645
5413845
9888093
2681447
6481490
6546339
5256320
6077285
7086707
5861785
6532216
5660008
1190247
9305704
2539396
4932898
9832099
2713380
8265928
8925002
5356517
5604570
5647162
1374170
4491674
5709563
7067285
6159924
3155729
9906001
5197090
3899606
5969168
5873860
2232150
4921678
8997232
7498088
5381815
7233368
5980682
8010107
8231794
5433236
6370365
2663529
7477256
6434056
9436070
3956450
6809402
6351157
6721851
4038391
2778164
4528110
2896875
8262776
7785592
8765976
