1000
9997322
9983769
9980760
9967937
9943975
9915328
9910068
9871147
9870080
9865211
9861368
9847404
9834971
9832654
9825090
9806070
9797855
9793468
9792738
9789577
9769553
9751160
9748810
9737981
9730390
9694462
9655522
9651541
9649364
9637475
9632472
9626576
9624223
9609074
9593328
9588194
9563660
9561697
9561308
9558181
9537828
9534918
9534578
9533642
9523500
9515780
9506303
9502139
9494544
9485986
9465108
9450036
9421109
9409109
9370747
9353431
9351871
9344479
9337038
9332049
9324478
9322173
9312355
9303290
9300482
9295051
9294201
9268580
9257519
9255962
9247451
9227743
9227661
9226776
9225994
9222140
9199217
9188559
9179831
9177212
9164820
9152459
9123394
9099717
9099585
9093271
9087290
9079217
9045699
9035617
9034790
9029672
9028953
9025732
9020899
8990927
8988464
8985048
8984262
8954797
8949602
8946957
8929725
8918898
8912796
8911876
8908073
8901365
8895751
8883721
8879221
8874053
8862659
8857707
8849694
8836999
8832404
8830072
8820323
8818297
8815772
8809258
8806147
8785841
8763740
8732878
8729809
8718856
8714065
8709709
8701155
8700070
8680585
8680356
8677469
8666926
8651259
8638433
8598729
8587153
8571304
8568509
8562659
8532886
8531759
8530401
8528864
8521170
8520469
8503296
8500440
8489745
8479771
8477512
8472686
8471840
8470968
8467449
8466575
8419429
8417063
8406920
8404905
8400621
8386861
8377667
8371493
8369784
8353184
8347949
8338978
8329903
8326816
8317849
8313772
8307669
8300791
8294225
8272324
8271704
8260039
8259221
8240562
8220964
8218179
8213357
8205422
8203890
8186495
8171113
8169037
8168807
8152675
8134757
8103022
8099189
8096403
8094440
8093501
8087699
8077961
8073534
8034170
8004954
7997480
7985634
7984780
7975300
7950917
7943706
7929711
7916471
7904334
7894979
7881313
7873267
7871214
7862916
7857916
7854400
7851390
7848464
7841719
7840981
7812626
7789789
7782221
7779922
7775514
7771349
7768791
7768311
7760606
7737172
7723177
7714238
7686943
7675407
7674925
7651027
7650103
7647092
7598011
7519995
7516791
7505571
7503039
7497872
7493353
7489501
7481754
7464522
7461636
7449557
7447560
7445548
7430933
7415336
7413981
7405666
7395855
7379855
7370375
7328851
7326702
7305836
7304827
7299151
7298891
7282158
7280645
7272427
7269853
7260185
7254384
7248786
7241401
7231405
7223044
7189214
7188536
7179371
7173260
7168279
7166226
7159522
7149454
7130414
7123880
7110020
7105103
7100980
7093347
7082126
7078575
7064581
7056774
7056698
7033724
7031187
7028810
7027816
7019816
7019465
7009913
7003738
6982533
6959133
6950253
6942409
6931993
6925516
6924644
6921040
6915788
6911936
6900814
6888713
6878280
6873566
6864386
6848256
6844808
6840825
6836770
6827203
6805655
6805494
6804753
6801671
6797382
6788877
6776705
6765153
6763236
6729145
6720842
6720401
6707275
6704186
6689794
6687033
6676429
6646022
6643940
6638015
6635133
6627189
6616719
6616482
6608000
6605131
6594732
6560861
6554559
6529900
6495502
6491466
6490020
6487091
6450989
6444660
6441392
6433643
6428716
6413174
6404388
6402419
6401274
6399178
6381300
6368200
6358288
6344723
6341027
6335998
6334037
6324529
6324287
6323393
6287583
6284854
6256072
6246586
6212368
6211922
6201392
6191823
6184521
6171572
6161249
6153301
6132448
6117731
6103279
6088060
6087996
6072256
6068594
6064552
6054754
6053535
6052469
6034460
6017017
5998994
5992406
5987381
5975793
5920345
5914894
5914312
5911834
5911804
5904403
5899942
5877398
5868013
5834711
5826236
5815654
5814182
5799057
5798544
5792068
5783565
5762557
5755207
5753794
5731379
5716898
5714269
5705727
5702123
5687395
5674215
5673938
5654755
5653924
5647880
5645029
5632063
5603941
5585413
5573510
5561959
5551146
5547384
5534003
5529079
5504743
5501937
5496831
5463620
5461579
5461126
5460049
5459326
5450131
5433866
5433581
5427690
5423144
5394567
5394322
5391014
5386718
5375127
5352612
5346993
5340928
5338661
5337631
5309276
5297220
5283500
5274170
5246458
5212376
5205242
5205077
5195363
5195085
5192178
5190332
5182334
5174115
5166100
5163006
5161465
5145721
5126736
5123151
5120700
5118174
5116746
5112521
5111555
5106791
5098741
5096122
5093107
5073199
5072305
5051566
5041772
5016991
5005369
4984548
4970032
4957880
4950238
4923228
4917201
4914984
4914896
4892016
4859165
4858227
4853916
4844720
4843020
4834791
4825599
4818480
4795561
4793326
4774511
4760394
4745106
4743611
4740596
4727729
4723500
4712640
4707511
4701729
4695582
4680385
4679790
4676676
4665404
4652341
4650240
4643496
4635945
4630719
4618351
4611798
4608745
4605027
4573922
4573165
4553849
4551031
4550486
4541380
4529992
4518103
4512607
4501397
4500458
4493232
4480212
4465899
4465614
4465403
4462022
4461677
4435047
4424662
4421198
4412125
4405853
4405631
4380754
4373894
4363279
4363135
4351323
4347024
4328391
4316657
4281165
4254782
4199793
4191592
4175242
4174154
4173015
4138889
4134676
4127825
4118693
4111248
4095459
4085964
4067859
4053707
4043515
4042805
4036315
4030136
4020281
4000043
3997728
3992769
3945674
3940207
3934389
3927652
3924308
3919928
3877046
3869107
3849770
3831428
3829438
3823683
3822749
3776478
3770836
3761084
3756779
3743753
3740048
3739603
3739168
3731077
3727540
3695910
3694799
3694059
3605455
3594549
3592856
3572811
3556463
3541120
3534072
3528878
3518956
3510014
3507220
3502600
3496472
3486815
3478507
3476462
3452535
3452269
3447776
3444500
3443571
3437229
3422414
3409739
3407926
3394469
3390368
3384291
3363276
3362924
3341086
3329631
3321760
3320223
3316475
3290235
3285570
3277277
3257510
3254863
3251957
3251723
3251583
3251382
3247451
3234206
3233445
3226916
3225863
3222967
3217764
3210589
3205884
3204673
3198400
3191436
3179452
3173009
3158367
3153330
3115691
3110328
3107310
3100881
3081979
3072219
3065616
3060582
3054700
3050589
3046619
3045321
3024338
3013406
2999920
2993872
2993746
2989445
2987703
2981900
2969109
2951329
2938791
2925940
2925409
2885732
2840533
2836285
2827801
2798360
2798173
2785902
2766771
2762028
2754320
2750178
2737454
2718459
2714247
2711650
2704562
2698556
2679344
2672091
2666314
2652670
2647105
2641733
2623725
2612882
2608896
2561291
2546481
2544826
2544640
2534495
2519149
2516198
2514253
2510998
2505045
2500540
2482449
2482259
2477850
2473905
2450548
2449451
2441559
2440655
2435317
2409686
2409052
2369539
2365362
2363917
2359022
2357448
2329753
2327392
2320655
2310592
2308498
2273577
2260490
2255385
2248009
2213730
2209292
2196632
2193348
2191844
2190952
2180923
2178958
2173302
2140138
2138098
2133639
2126877
2102067
2101584
2097593
2077119
2071261
2065565
2043654
2042612
2041329
2039482
2035088
2025804
2022012
1985820
1965729
1965505
1954887
1948480
1941056
1938735
1915757
1914052
1913845
1906363
1887361
1854460
1851723
1850912
1850752
1815871
1790433
1768530
1756200
1752251
1751153
1751000
1750118
1748744
1745109
1733207
1726292
1706473
1701255
1696784
1688501
1670860
1654946
1647810
1642735
1636402
1623211
1605504
1598355
1590444
1589477
1587986
1558091
1556722
1551964
1539300
1535157
1531701
1529764
1526844
1509818
1497003
1481204
1472484
1443968
1442511
1439917
1432422
1415177
1410477
1406687
1402435
1399287
1384026
1383310
1382711
1361171
1361133
1350323
1323397
1314404
1308562
1303935
1297337
1282988
1251344
1191602
1170270
1165434
1149663
1140340
1124647
1120063
1072302
1065856
1063467
1053608
1037984
1026993
1023165
1019730
1014328
1008163
1003788
995129
991415
981478
979941
959032
953304
937752
907732
901560
878616
877468
873565
859384
855792
855044
852422
849557
804782
797747
789523
776764
772585
767494
758414
748143
744112
729694
729429
728714
716663
688983
683571
682184
681148
659815
644211
642578
632447
626575
622169
601147
600642
592517
585445
568608
565367
558270
557031
547981
539297
538218
530130
530124
520345
519950
509172
508407
470243
449150
418569
416230
415459
402266
401812
390414
389106
381238
371178
366933
364720
355552
348377
346152
317899
305725
290046
269551
264058
260234
249700
224673
224481
214078
212056
186061
164773
153029
137099
125314
107010
102545
78183
54157
50030
41019
40666
38071
30630
9334
