1000
17
56
27
35
18
62
44
88
59
46
34
26
78
18
14
91
62
85
31
95
5
21
37
35
95
68
98
68
66
83
24
36
49
71
80
50
23
46
47
68
5
82
19
93
72
100
79
9
33
10
86
65
48
1
87
73
35
81
57
66
60
16
55
41
65
56
0
22
30
72
53
14
9
18
32
27
19
17
38
7
84
53
90
70
82
87
96
11
89
97
71
42
39
13
18
79
13
85
44
96
52
44
66
56
23
70
27
48
80
5
39
18
10
9
24
58
30
37
32
99
59
62
93
21
31
60
2
19
47
9
95
46
95
30
49
20
71
18
26
41
61
81
42
22
56
55
6
13
38
99
89
92
27
45
36
47
11
48
58
46
14
38
51
3
76
74
57
80
67
56
89
92
55
57
64
49
94
96
100
42
76
53
0
80
47
59
81
93
10
19
26
51
22
52
34
23
15
11
39
32
83
44
14
36
97
31
59
16
93
8
94
99
95
0
36
12
41
80
73
34
69
32
17
41
19
68
17
56
63
7
23
30
65
32
50
99
60
90
77
81
22
55
65
12
15
7
67
5
11
13
37
25
31
89
96
24
71
56
22
44
0
81
56
12
62
1
19
57
88
82
20
100
56
30
24
16
9
72
94
13
16
15
26
83
8
51
71
52
48
38
97
77
34
4
46
25
86
14
38
84
53
35
80
84
65
38
88
15
87
24
0
36
8
60
1
18
4
35
35
39
90
47
7
21
11
87
31
84
71
57
35
97
33
74
64
60
31
93
13
47
94
15
53
75
44
69
69
10
50
97
37
11
100
14
52
92
93
63
5
93
28
12
22
17
87
76
54
95
24
36
13
29
39
27
64
60
36
76
35
0
55
91
55
72
33
26
93
47
21
88
14
93
70
45
30
15
9
85
78
6
53
30
50
30
38
23
28
10
9
66
99
94
73
29
58
80
94
92
6
53
27
75
35
37
49
37
7
87
8
12
46
67
44
50
23
47
45
75
72
68
87
72
58
18
94
75
33
77
56
15
16
3
95
82
72
80
17
82
67
95
65
17
77
8
16
2
20
28
27
4
7
73
77
8
83
88
69
27
13
77
52
39
97
45
8
76
39
3
34
22
12
31
3
23
19
23
21
40
34
20
27
60
45
18
82
69
54
85
94
84
86
51
81
82
33
74
35
54
91
43
99
13
74
86
15
4
73
39
10
7
44
86
57
24
3
42
59
22
22
98
82
86
98
8
22
24
46
57
1
82
85
11
26
36
7
36
11
72
15
38
5
6
96
35
39
68
32
78
51
43
88
43
66
47
43
7
24
46
86
62
59
26
62
75
29
23
36
27
30
74
71
81
29
22
26
30
7
53
82
0
30
88
58
86
17
89
85
80
47
90
74
74
80
47
68
57
49
73
63
48
65
78
65
24
10
20
39
11
89
71
37
40
97
76
23
82
45
53
70
94
97
94
92
76
24
55
46
63
57
63
75
83
47
70
14
29
38
50
97
38
54
50
98
38
95
56
42
6
30
29
27
23
8
26
32
54
2
24
18
53
13
84
57
19
19
38
5
18
33
36
56
47
41
99
20
57
45
31
82
58
40
99
5
12
30
26
36
93
16
90
15
22
61
45
28
8
74
0
3
88
11
83
72
59
48
14
64
63
15
90
45
79
98
86
99
14
39
36
30
51
24
18
22
57
51
18
11
70
5
22
15
37
8
75
95
4
53
5
16
15
100
76
13
30
64
54
74
17
54
15
98
61
8
9
82
65
54
21
25
56
39
41
8
0
99
83
19
8
82
97
42
8
37
3
84
17
26
16
10
25
92
75
98
87
15
17
48
87
43
44
16
71
39
77
72
10
34
79
65
82
75
97
89
72
40
99
11
42
85
27
15
99
93
11
52
91
14
98
58
26
46
81
30
78
26
66
69
100
97
29
28
5
90
74
75
3
100
91
35
62
2
36
14
44
34
83
92
39
9
66
61
46
7
73
80
15
45
62
58
10
97
56
57
34
1
90
69
35
57
64
64
0
80
8
73
38
22
86
29
82
59
27
60
29
100
0
52
2
26
37
36
54
15
57
19
76
27
33
35
21
26
17
39
63
8
66
46
92
52
0
12
68
71
90
39
2
31
68
55
65
26
69
96
3
25
24
10
62
83
59
5
78
85
17
29
16
71
80
91
57
35
7
91
73
47
78
84
65
2
33
85
50
8
35
28
93
20
35
83
65
79
17
70
80
4
12
6
36
41
87
93
12
80
46
4
48
60
88
30
80
