10000
5245518
5979
8321
8519
8520
9916
11067
11424
11547
16936
2107435
18216
7049060
4242847
20518
21315
22619
23331
23617
25121
9812918
27130
27373
6697987
29097
30553
31576
32051
32497
32685
7667056
36360
38188
39128
39307
39329
42671
43759
44550
44974
48288
49702
50114
50229
51487
52110
53006
55267
56948
57402
57419
58138
58675
58792
58858
61305
61515
62969
63185
63423
7768536
63496
63873
66042
66183
66958
68068
70525
72294
5518345
1877416
74725
75202
75526
75691
76898
77363
83773
84331
85855
8034496
88096
88587
88878
89772
90629
91756
94012
96404
96855
98169
100122
100430
101155
102985
103326
2502804
104810
107290
108582
7708460
109140
110161
110327
110844
112520
112653
115319
116502
116754
117059
117078
118995
120161
1790358
8581568
123295
123762
124038
4377841
126167
1928914
126665
128246
128313
129920
129994
9049068
131483
131670
131816
133552
135377
135613
138089
139113
139465
139663
140219
141653
4547512
141778
141955
142276
6202288
146552
147142
147472
8173561
153403
153865
156419
156633
2126220
157602
158597
162153
162747
163120
163789
164327
165351
166394
169476
170180
170892
171372
172752
173485
174177
176009
179211
180236
180661
181230
182237
7613926
184816
185798
186694
3054300
187804
187848
188452
194542
196848
197059
199433
199764
200167
200771
201261
202364
202405
203512
203997
204233
205424
207402
207611
209100
209822
210501
211125
212205
213603
214735
214887
215159
215827
218224
223699
224294
225114
226413
228098
228270
3591132
235698
235807
236525
236581
237975
240007
240667
241950
7988682
243272
243401
245055
8733515
247221
247362
247376
248026
248139
248219
249640
250433
251787
640100
254110
254328
257668
257822
258565
260146
260525
3068185
261078
261573
265573
266818
4575912
6628538
7257208
270052
271883
272778
273927
5981395
2974592
6779390
279281
280479
280605
281256
281634
282460
282534
284052
285192
285685
286147
286203
288441
289608
290142
290954
291146
291494
292190
292676
292933
293841
293858
296163
297310
297634
298035
298145
4841317
299792
299793
299817
6556214
302584
303713
305766
306587
4508867
9861229
311386
312127
314531
315126
315632
316207
316769
317157
318003
319557
321468
322392
322883
324559
326817
327161
329651
329698
329780
330947
331391
8290832
333169
333201
333294
333462
334935
335286
337790
5224637
8959322
2585507
341917
343137
343444
344263
345055
351674
9711777
354451
354477
354492
354896
356066
357261
2236611
360046
360318
6068201
362420
364914
366750
367589
369601
7924317
371773
372112
372354
373797
374871
375749
2387311
378332
379896
384795
387827
388043
388201
9365115
390802
392418
392687
392771
393898
394585
395805
396236
396674
397043
400172
1440498
401533
402456
404227
9880336
406848
406874
407083
408753
659813
409931
410404
412040
412156
413379
944949
414951
416948
7233368
418180
418235
418905
420215
420413
421004
421073
421525
421618
422007
765101
423723
425344
3253272
426138
426296
426604
426727
428054
430055
431322
431509
432215
9381854
432879
435454
436726
436766
436960
3008641
438521
438621
438865
439989
441126
441675
441844
442780
443011
1203487
8440423
8646534
446628
450528
451297
453941
454151
459922
460284
8552987
460818
462404
463331
463555
463577
463599
464265
467593
467676
468209
469367
469618
469957
470070
470194
470565
5475318
471423
471799
4127714
473536
6727239
474413
474840
475802
476257
476988
481512
8165186
5287841
483029
483763
1063011
487560
488162
488448
489141
490707
491179
2715598
493509
493753
495091
495376
495595
499703
500709
501897
502116
502450
502753
504926
505073
505542
3650987
506496
507152
7176669
511759
512715
513678
515095
515384
516211
516436
520922
523867
525052
526560
527678
528051
528731
530797
530944
532329
533572
9316741
536158
536360
7475673
536733
537206
537342
539869
540115
540253
540796
543338
543341
3976158
545920
547272
4390130
549357
551405
551621
552453
552815
554396
554688
555079
558834
559224
559410
560108
560406
560860
561062
562064
562865
563071
564577
564744
566877
3953424
568778
569481
571552
572441
572455
574912
575342
577389
579168
579626
582812
584075
584169
588672
9672437
590579
590616
590844
591854
592052
592871
596376
598737
599370
2443582
601527
602248
602364
602441
603624
604398
605492
608877
608951
609059
609145
609893
610043
612554
614237
615290
617197
617570
617675
4173267
618776
620299
620543
621682
621871
622561
624168
625344
631065
631243
633102
633813
634536
635037
636161
637807
253461
640510
640794
9700813
644478
646260
646599
648509
649118
649346
649911
650644
652341
9901274
653321
3542249
655166
655403
657019
4532771
658415
658654
658763
6601114
660481
661117
4350436
663835
664089
664239
665925
665998
667229
9727137
667616
669261
669472
670404
671362
673790
673884
675019
676861
5013797
682445
683429
684313
687569
4730153
690557
693230
693238
694988
2973336
697260
697792
698490
700384
702509
704175
707133
709050
709705
1978858
711399
2879206
713379
714597
715333
715947
717741
717828
718519
718845
719553
720841
721667
722843
724061
724399
725502
725547
8013206
5377000
728459
728590
728911
729589
731123
731672
732127
732622
732907
9220123
733851
737553
737914
739811
740210
740758
740923
187266
741822
4381464
743671
744061
744358
744907
3708951
748733
748753
749378
750217
751183
751539
753094
753370
753452
754135
8750045
755631
756264
756991
757387
758688
759961
760645
760923
761437
761464
762778
8684438
764209
4848397
765313
2419806
767761
7976636
769219
769562
770890
770957
771473
771566
9690681
773830
774360
775709
776382
777858
779928
780072
781080
8315057
782064
782178
782511
783499
784262
784812
785851
785946
788175
3022461
789895
791695
792149
793684
6433337
795236
2982208
795813
3114864
800215
800633
800697
801643
802793
803337
804497
804991
805281
9410757
808171
808892
812325
812804
6527943
814467
814915
815009
815017
7679335
816161
817765
826552
820266
822018
824815
825255
3030403
826429
826467
7619537
827056
827320
828801
832039
832058
5693718
833914
836969
837902
2547676
840343
842657
842838
843089
843550
845465
9485413
846693
847017
8936473
849309
850658
850884
852143
853215
854717
855719
857212
858723
9874184
859192
859753
860300
860557
860970
861149
861429
861968
863170
865342
865778
866307
867766
867926
870028
870243
872623
872914
873106
4647546
873527
875530
7711001
876450
877976
878544
879276
879836
882050
5208736
884960
885152
888164
888628
891210
892549
896297
896704
897718
898528
899966
902550
905354
907543
2808479
7692096
908044
908454
911396
8351349
915171
916244
917357
789503
3204562
918681
919633
919965
920011
9572677
922786
923693
924469
925033
925047
927022
927773
928141
928910
932768
933129
934444
934541
935210
935935
936182
937040
938045
938368
938682
939441
939830
940000
940213
941485
941986
942641
942827
943825
5393341
945080
945388
945995
948348
952777
954250
955726
3001060
956748
9032897
959305
3318086
959619
959868
959976
2363406
960228
960529
389700
2472867
963526
9561707
966055
7205528
1364635
966785
967124
967442
967928
9812428
971728
972680
974005
998912
976482
979065
979693
981816
982838
984718
985934
986370
987687
988118
988286
990318
990612
991412
991605
992485
992536
993073
994717
966676
994933
997163
997888
998076
998584
3842784
1000596
1000942
1001954
1003569
1004074
1004206
1004314
1005292
1005715
1005959
1010309
1011122
1012507
1012767
1013289
1013405
1013427
1014881
1015232
1016368
1021046
1021532
1022174
1022333
1023103
1024517
3305360
1028746
1029093
1030650
1030836
1031407
1032272
1032621
1033083
1034552
2845067
3716373
1035527
3751653
1038692
1039247
1041620
1043175
1043304
1043940
1044429
1045604
1045988
7028644
1048783
1049687
5074177
1051975
1052199
1060568
1061654
1061681
1062946
487008
1064998
1067721
1069709
1069774
1071471
1071950
1073694
1073873
1074056
3193559
1075697
1075781
1077553
1078204
1078367
1078781
1079547
1080190
1081108
9445061
1084343
1084886
1085024
1085292
1085597
1088677
1088995
1089474
1089942
1820988
1091700
1093115
1093201
1096044
1096055
1097203
1097599
1098883
1099250
1099392
5383782
1099632
1101111
1103583
157127
1105707
1106669
1106712
1106757
7426500
1111952
1112413
1113044
1114515
1115976
1116889
1117765
1118418
1118433
1120134
1120652
1123960
1126944
1127037
7596709
1127644
1127669
1128380
1128813
2359556
1255678
1130821
1131948
1133341
1134337
1135307
1136780
4197288
3622957
1140912
1144250
1147231
1147699
1149161
1152923
4298054
1153451
1157183
1157874
1158658
1159337
1161290
1161434
1163340
1164072
1164175
1164409
1164790
1167126
1169757
1170313
1171994
1172173
1172266
1172526
1174423
1175991
1176518
8265720
8656858
1179669
1180472
1180826
1181082
2159695
1182485
1185674
1187109
7495738
7889385
2474886
1190247
1190683
1191688
9282226
1193554
1195145
1195205
6206246
2466974
1200236
1201558
1201778
1202470
1202520
444878
1203639
1203803
1205273
7591789
1208214
1209493
1210062
1210654
1213682
1215840
1216259
1216518
1217179
1217347
1218623
1219967
1221646
1222457
1222465
1224098
1224811
1225534
1226472
1226988
2574593
1227646
1231536
1231623
1231675
1233396
1235478
1236273
1238357
8771356
1239590
1239843
1240232
1240339
1243286
1243856
1244636
1247622
1248623
1249307
1249470
1249522
1197547
1250546
446152
1253253
1253348
1253700
1255000
6487724
1256507
1103804
1258021
1259062
1261244
1261796
1264314
1265041
1266190
1268136
1269635
1270621
1271423
1274913
1274959
2444018
1275885
1278554
1278635
4238613
1278912
1279610
1279805
1281306
1281605
1281773
1283259
1283272
1284042
1285004
1287737
1288811
4889393
1290278
957337
1291464
1292059
1292107
1294055
3806505
1297070
1297092
1297546
1297619
1298789
1301667
1482826
1303483
1303591
5691068
1305380
1305841
1306180
7437182
1307771
1309541
1310357
1312332
1312667
8139970
1313795
1313823
1313980
1314020
1314819
1317179
1318288
4815400
1322123
1323604
1324031
1325284
1325392
1325584
2258355
1326400
1327843
1330879
1331169
8009654
1332316
2950229
1334475
1335953
1337200
1340396
1340818
1341625
1344379
5261669
1347351
1347640
1349422
1349544
1350088
1351606
1355748
1356881
1357267
6546339
1359492
2223004
1359961
1360426
6721375
1618460
1362727
1363802
1364179
653270
1364955
1365022
1365337
1366122
9367049
1368048
1370294
1370631
1371597
1373873
1374170
1375830
1375992
1376530
3313943
1380026
1380521
8725987
1381454
2504979
1385357
1385413
1385866
1387719
3355748
1387994
1388270
1389511
1391045
1392335
1394252
1394326
1395337
1397250
1397316
1400751
1401255
1403325
1403673
1405093
1406860
1410240
1410434
1411644
9080437
1416984
1418752
1420087
1420554
8943720
1422573
1422667
1423333
1424235
2557415
1425004
1425957
1426725
1427730
5715070
1432411
1434553
1434664
6019501
1437564
1437967
1439102
1439379
1439723
400634
1443622
1445434
1445563
1445945
1446912
1449054
1451199
1451203
1451312
7102099
1451659
1451805
1455234
1456771
1456911
1458231
1458815
1458882
1459306
1459547
1461572
1462754
8334471
1463310
1463843
1464836
1465454
1466550
1467916
3802577
1469244
5807527
1469524
1472301
1475680
1477141
1477149
1478398
1478519
1302656
1485194
1486732
1487716
1488533
1489259
765524
1491547
1491723
1491843
1885367
1495329
1495542
1496470
1496512
1496646
1497489
1497748
1498196
1499932
1500207
1502838
1504456
1504476
4716199
1507371
1508492
1511778
1514265
1514828
7680258
3558899
1515684
1516248
1516836
1517074
2791732
1519200
1519322
1519454
7958052
1520750
1520954
1524015
1525208
1526528
1528109
1528794
1529749
1530940
9805917
1530994
1531438
1531885
1531966
1533259
1533695
1949290
1534589
1536100
796060
1540799
1384987
1547636
4802068
1551579
1551590
1551809
7362613
1557274
1558044
1558455
1561238
1561330
1562005
1563296
1563332
1563827
1564218
1564225
2967823
1569545
1569889
1571255
1571832
5592780
1573413
7093054
1573781
1575829
1578353
1578443
1579597
1580093
1580135
1581257
1582623
3048854
1584506
1585003
1586537
1587334
1587741
1587815
1588564
1589999
1591348
1591914
1592283
1593791
5959937
1594799
1595020
1598045
2961662
882977
4173061
1602376
1602774
1604723
1606092
1607719
1611466
1611716
1612724
1613580
1614052
1614624
1614809
1875863
1360883
1618765
1618771
1619330
1619638
1620426
1627445
1627457
1628179
1628199
1968452
1631524
1632278
1632310
1633495
1635347
8658492
3416347
1640415
1641867
4042481
1643747
1644189
1644257
1646432
1646577
1646869
1647966
1650011
1650188
6825748
1653753
1655817
4707728
1657854
1658316
1658606
1660278
1661483
2024596
2260318
1666681
1493563
1668382
1669394
1670081
1671335
1673050
1673534
1677739
1679461
1679607
1679981
8861268
1680676
1680920
1681550
1681737
1682812
1683847
1685165
8129682
1686066
1687317
1688372
1691419
1691527
1692925
1692985
1693071
1693081
1693587
1693632
1695855
1696889
9227473
1700856
1701488
1701772
8210717
4409628
1704331
1704504
1706524
1706534
1710739
1711710
1712436
1714251
1715431
6819284
1716192
1717138
1717254
1718807
1718854
1718947
1719229
1722702
1722978
4792968
1725962
1728522
1728910
1731323
1732516
1733318
1733345
960003
1734913
6746277
1736698
1736730
1739263
681572
1741189
1742339
1745376
1745853
5918323
1748705
1749504
1750612
1751237
1751886
1752024
1753112
1753854
1758676
1759213
1759604
1760633
1760645
1761425
2047189
1762515
1764145
1764866
1765372
1766172
8072564
1767099
1770910
1771874
277547
1772779
1776489
1776753
1777217
1777866
1779146
1779601
1780604
1781344
1781444
1783008
1783400
9914743
1786258
1789280
4656059
1790482
1792506
1792607
1794071
1795572
1795731
7526354
9520475
1798705
4702590
1801177
1801279
1801503
1801664
1801748
1802071
1802259
1802260
1802348
1803585
1805011
1806994
1808160
4852854
1810563
1811560
1812989
1813793
1815472
1816270
8102373
1818952
1819001
1820062
741040
1090344
1822287
1824374
1824553
8259608
1827935
1828098
1828860
1830518
1831240
1831515
1831851
1832427
1832752
1833951
1834258
8137656
1835473
1836962
1837125
1837581
1838065
1845170
1845782
8247121
1846547
6005967
1850124
1850935
1852367
1852702
9172971
3703591
1856326
1856334
1857334
7606883
1858975
1860542
1861020
1861150
1862751
1863371
3498557
1865776
1867986
1868341
1868383
1868628
1869308
1870810
1871969
1872734
1874243
8043336
1875937
1877136
1877196
73609
1880023
1880529
1880907
5494209
1881957
6708211
1883137
1883488
1884185
1884204
1668265
1885608
1886036
3754469
1886740
1887026
1889483
1891478
1891991
1893830
1894852
1894984
1895339
1895342
1895664
1895737
1896979
1898357
1899524
1901596
1902335
1902829
1904181
1904686
1907284
4215723
6461221
1908675
1912366
1913535
1916598
8417645
1917685
1919176
1919980
4423374
1921415
1921829
8272512
1924840
1925075
2733188
1927124
1927165
1928342
126466
1928966
1929378
1933630
1933996
1936950
1937575
1938833
1939238
2431597
1940963
1941154
1942476
1943702
1944510
1945145
1947253
1947439
1947469
1948286
9119374
1949589
1950391
1951244
1951386
1953060
1953710
1953825
1954600
1954842
1956011
1956630
1956916
1958963
1960667
1962131
1962625
1963133
1963303
994788
1964833
1965368
1966069
1967516
1629505
1970870
1973961
1975040
1975082
1975701
4821536
1977530
1978210
1978225
710361
1979527
1980615
1980977
1983055
1983954
6297600
1987497
1987678
1989266
1989297
2073909
1990313
1990501
1992347
1992441
7552535
1998258
2001659
3453032
2002038
2002166
2002676
2002978
2004177
5671065
8838877
2009457
2009829
2010525
2011764
2013386
2013508
2013757
2014959
2016140
2086922
2016655
2017322
7723332
2020185
2020463
2023224
2023237
2023669
2024589
1664476
2025432
2025907
2026726
2026906
2028193
2030116
2033157
2036011
2036091
2036578
2039836
2041002
2041163
2041589
2042390
1127050
2043626
2044824
2045802
5644788
2047369
2049474
1594664
3437487
2051116
2055387
2055503
2057355
2058972
8677050
2061158
2061637
2062012
2062049
2062233
2065412
2065454
2066832
2067667
2067930
2068709
2069539
2070424
2071216
2071948
2072190
2073246
2073282
2073646
9591715
2074019
2075282
2075568
2076111
2076308
2076472
2077990
2079246
2082497
2082948
2083015
2083793
2085388
6218792
2016501
2087352
2087602
2087901
2088173
3120700
2090226
2090776
2333375
2093457
2094817
2094931
2096602
2097469
2097476
5966607
2098035
2098093
2098698
2099402
2101687
2102529
2103704
6331063
2106463
2106537
2106586
17209
2108280
2111951
2113169
2113720
2114565
2115958
2116431
6457284
2120170
1638282
2121419
2121915
2122012
2122976
2123053
2123426
2125072
8350068
7838655
2129591
2130720
2130739
2131495
2132420
340850
2133498
2136777
6162224
2138402
2140155
2140685
2141287
2141406
4609950
2145316
2145471
2145599
1853985
2149239
2149662
2150742
2151174
2152021
2152167
2154868
2158327
2158330
6390287
2161979
2162729
2163145
2165359
2165600
2165693
2165894
2167601
2168175
6985688
2170022
2171040
2171974
2173386
2174613
2176673
2176729
2177051
2177196
6136155
2178512
2599178
2178990
2179392
2179721
2179841
2180137
2180976
2183352
2184782
2184988
2186658
2186683
2188040
2189282
2191394
2191959
2191968
2192990
2196287
2198329
2199084
2199139
2199171
2199612
2200467
2205022
2205986
2206101
7331995
2207132
2207694
2208301
2208452
2210175
2210404
2211141
2211414
2212966
4944739
2214289
2215074
2215873
2217002
2218498
2219357
2219670
2220030
2222604
1359595
2223769
2223805
2224074
2226089
2227673
2227780
1685739
2228649
2229359
9590906
2231130
2232150
2232282
2233551
2235148
2235191
2235413
2235829
2236143
4769076
2238618
9751248
6664125
2241061
2241604
2241812
2241964
2242650
2242704
9534202
2245776
2246730
2247443
2247952
2250407
2250806
3802731
2253782
2257848
1325862
2258609
815213
2258842
2260182
1666435
2263609
2264869
2265776
2267282
6085148
6089954
2270728
4439160
2271348
2272612
2272649
2273531
2275168
2275310
8512187
3423433
2278247
2280023
2281118
2281159
2281471
2282113
2282622
2282907
2283582
2284454
2284623
2284697
2284777
2285028
2285891
2286405
2286812
2287993
2290014
2290073
2291096
2293826
2295960
2296327
2297061
2297061
2299063
2299241
2299528
2299780
2300404
2301099
2301452
2301486
2303641
2304974
2305725
2306240
3496124
2307536
2307615
474291
7948164
2309618
2310127
2310739
2311007
2311289
8407224
2315495
9512440
2316653
2317288
2320541
2321121
2322070
2322243
2539396
9337271
2323392
2325582
4116708
2326328
2327397
2327959
2329414
2330351
2331108
8342470
2334039
1998107
1198235
2335890
2336069
2336412
2336453
2336588
2336810
2340875
2341394
2341990
2342027
2344358
2345083
2346092
2347777
2351487
2351542
7243411
2352567
2356432
2356532
2356964
2357558
1128861
5550376
2361848
742356
1734814
2364041
2364607
2365012
2368674
2368738
2369311
5122667
2371228
2376802
2379038
2379379
2380039
2380117
2382697
2383789
2384770
2385401
2386417
2387259
375860
2388760
5433236
2394837
2397615
2398074
2398141
2400729
2400977
2402350
4794524
2402629
2403040
2404803
2405687
2407497
2407539
2408568
2410625
2412073
2413787
2413798
2413831
2415907
2416664
2416914
2417342
5020996
2418578
2419006
5784484
2420321
2423177
2423246
2426275
2427697
2428006
2429150
2430282
2431292
1940321
2435660
2437302
1025531
2440454
2440658
2442653
2442773
2442844
4408987
1275112
2444137
2445323
2445333
2447017
2448124
2448885
2450875
2451850
2452927
7378533
2454745
2455020
2456200
2456239
2457152
2457405
2457944
2458490
2458815
1542321
2460848
2461601
2463865
2334945
2467074
2471282
2472261
2472328
961699
1188446
2474931
2475066
5622222
2477132
544897
2478779
2481820
2482325
2482909
2482975
3566882
2483711
2485305
3770574
2486304
2487814
2491679
6142327
2492332
3973372
2494523
3331467
5315877
2497246
2498875
2501064
2501201
2501368
2502363
7992650
2502811
2503739
2504969
1514897
2506332
2507126
2507540
2510233
2510349
2510649
1572855
2511470
2512217
2512605
2518528
2521539
9345806
2524671
2524875
2524952
2526402
2528682
2530427
2530902
2531163
2531978
408754
2533565
2536814
2322316
4163809
2540367
2542391
2542827
2545746
2547462
839382
2549739
2549821
9494441
2553100
2553184
2554429
2554746
2555298
2555641
2555751
2555762
2556851
1424346
2558523
2559038
2559417
2559677
2239827
2561349
2561826
2563360
2564192
7143965
2565784
2566979
2567010
7302701
2570127
2571878
2572559
2573959
2573985
1227274
2575662
2576397
2577891
2578879
2581896
2582495
2584821
2585024
2585481
340938
2586446
2588802
2590392
2590982
2592373
2593363
2594339
2594856
2596221
6805437
2600625
2600857
2602112
2602421
2603473
2609717
2610067
2611457
2611801
9552174
2612763
2613197
2613828
2615866
2616342
2616591
2616607
2617012
2617884
8163087
873268
3680576
4265228
2619592
2620101
2620496
2621680
2621951
2622973
2625342
2625939
2626645
2626709
2627339
2627639
1035323
2629117
2630192
2630518
2630989
2632226
2632720
2632951
2635448
9745639
2636913
2637127
2637644
2637716
2638881
2639177
2639236
2645332
2645421
2645458
9575371
2646657
2485823
2648808
4759245
2649838
2649945
2650202
2651003
2652060
2652967
2870798
2653176
2654102
2656074
2656327
2656964
6346380
2658553
2658703
2659622
2659917
2660113
2662593
9611283
5181712
2664073
2666763
2667705
2668129
2668275
2668565
2671565
2672582
2676537
2678130
2680492
2681228
2681412
2681447
2681716
2681873
2682435
2682737
2683279
2684053
2685158
2686725
2687120
2687627
2688790
2689522
9928908
2689673
2689820
2690422
2691536
2692304
2693301
2694765
2695123
2695576
1099502
2697676
6962738
2698629
2700517
2700603
2700770
2703237
9218881
2705527
2706583
2707375
2816591
2710241
2711564
2713380
2713439
2715203
2715595
493037
2716363
2717232
6238322
2717346
2720953
2721323
2722047
2723003
2723679
2724125
2726408
2727568
6158267
2728640
4009905
2086199
2730805
2730988
2731065
2731163
2731603
2731863
9835976
2733635
2733769
2550467
2736584
9594693
2737078
2737134
1250672
5962958
8129130
2741788
2746677
2748012
2749962
2750419
2751210
2753112
2753943
2754471
2755528
2756568
3119363
2757424
2757784
2758277
2758523
2758940
2759121
2759420
2759600
2762712
2763519
2764314
4281307
2767119
2767835
2768049
1291192
2771196
4428464
2772434
2774405
2774593
2775451
2777277
2777365
2777695
2778020
2778164
3920918
2782951
2785605
2786323
2786818
3484999
2788443
2788468
1139971
2790579
9620889
2793968
2794256
2796165
2799672
2800634
2801000
2801700
2803645
2806897
907572
2809549
2810750
2811522
2811923
4505571
2813319
2814749
2709161
2817829
2818192
2819488
2819626
2821017
2822183
2824651
2824818
2825027
2825137
2825816
2825980
2826444
2827056
2827753
2827833
2828082
2828379
2828593
2830081
2830888
3336196
2832733
2836505
2837106
2838415
2838427
5399462
2839462
2840106
2840194
4945521
2845503
2845557
2847768
2849993
2850222
2852169
2852873
2853610
2854403
2653092
2862808
2863715
2863782
2864303
2864358
2864868
2865210
2867602
2869054
8161150
2872672
2876203
2876399
2877023
2877491
2877756
2877913
2878722
2878888
9132759
2881766
2883228
2884899
2885852
2889042
2889101
2889138
2889320
2889381
1378898
2892345
2892501
2892939
2893638
2893894
2894179
2896875
269760
2897463
2899823
2900359
2901696
2902376
2903796
2904972
2904998
2905032
2907218
2907407
6776292
2910616
2911604
2911932
2914796
2914847
2914903
2915528
2915950
7246675
2734004
2918963
2920220
2921016
2921980
2923640
2925276
2928688
2931306
2931706
7444960
2933881
2936883
2938062
2938289
2939471
2940390
2941714
2943897
2944123
9191646
2560598
2946212
2946428
2947443
2947722
2947981
2948340
2949576
2949671
4878753
2950726
2951667
5117213
2954283
2954886
2955508
2956154
2957238
2959323
9367647
2962346
2963254
2967085
2967491
2967586
1564528
9195209
2972006
696561
7380927
2974933
2975027
2975034
2975633
2976217
2976336
2977216
2980161
2981416
9186597
2984170
2985457
2988399
2990502
2991492
1239317
2992858
2993089
2993247
9396211
1074540
2994464
2994562
2995656
2996561
2997517
2997826
2999396
2999652
7330324
3001565
3003186
3003656
3003773
437372
3009753
3010258
3011354
3012752
6525134
3014177
3014995
3016777
3018531
3018911
2308778
918211
3023063
3023511
3024633
3024819
6501665
3025629
3025671
7485630
1680437
3028821
3029069
3029868
825852
3031701
3032323
3033122
3033585
3033987
3035451
9814244
3038329
3039365
3039562
3040328
3040598
3040843
3041021
3041521
3041594
3045742
4421351
3046585
7090304
3049433
3049505
3050210
3052065
3052083
9461484
3053565
1820206
5448762
6080253
3056425
3056842
3057489
3057575
3058353
3059846
3060019
3060459
3061655
3062285
3062372
3063595
3063851
3064580
3064703
3065240
3065490
3065677
3067287
260667
3071570
3071629
3072595
3073573
3074734
3075007
3076456
3078070
3079542
7363782
3080266
3080425
5107922
3081699
5138654
3084274
3084446
3085322
3086859
7651555
3087811
3087974
3089965
3091382
3094828
3096004
3097916
3533946
3102275
9344240
3103895
3105781
4862527
3106868
3107900
3108382
3108454
3109047
3111795
9745976
3115250
3115331
3115403
3115545
3115936
3116711
3118918
3118997
3119077
2756942
3120012
3120616
2090046
2663800
3123125
3123927
3123935
3124092
6270196
9312416
3125784
3126740
3221281
3130947
3130978
3131688
3131796
3132277
9253474
3136713
3136968
3137249
3137621
3145838
3146272
3146979
3150426
3150481
3151776
5491444
3152445
3154406
3154750
3155729
3156685
3158206
3160178
3161369
3163744
7543159
3165880
3166914
3167374
9544265
3169303
3169783
3170318
3170410
3170414
3171258
3172027
1701947
3172904
3173168
3173322
3173405
3173650
3177045
3177227
9391042
3178369
3179111
3179204
3179260
3179685
3180005
3180377
3181083
3181424
7252201
3182381
3184742
3185644
3186780
3187505
3189308
5973765
3191389
3193408
3193451
2994406
3195643
3197120
2697821
3200032
2532070
3202073
3202305
3202569
7386935
3205693
3207486
3209470
3211878
3212639
3212786
3213181
3213335
3213930
1050965
3215449
3216538
3216978
3217779
3218007
2392747
3220970
9871195
3221159
3129127
3221639
3223187
3223687
3224080
3230411
3230796
6127622
3231971
3232465
5006460
3234162
3234424
3234620
3235106
3235277
3235283
3236015
3236784
3237488
3238246
3241681
3246341
3246996
3247123
3249077
3249081
3249544
3249957
3250778
426042
3254326
3255200
3255434
3256188
3256829
3259501
3259855
3260059
3260116
8525331
3260441
3262565
3263327
3263522
3265263
5924819
3267514
3267664
3268002
9389839
3268672
3271536
3273165
3273749
3275880
3275882
3280690
3280965
3284162
3285625
3286916
2213160
3288253
25501
3294520
3296071
3297097
3297121
3297482
7828683
3299006
3299243
3299426
3300971
3301536
3301712
3302957
3304491
3305309
2440316
3305585
3306475
3306713
3306836
3307302
1583690
3308191
3312148
3313606
9037065
3314312
3314514
3314804
3314896
5308335
3315736
3316022
3317218
3317271
6001192
3318518
3322131
3322929
9795033
3324862
3326296
3328580
3329589
5273621
2495111
3331744
3331748
3333103
3333417
3333671
3334895
3335146
2831186
3339022
4856383
3343476
3345377
3346780
3346899
3347506
9635859
3350341
3350638
3351776
1387832
3357573
3358313
3359935
3363497
3364158
3764166
3366479
3366658
3366772
3367806
3367910
3368234
3371258
3371344
3371456
3371846
5642576
3373913
3376583
6540006
3377521
3378391
3378758
3378771
3379770
3379876
3380813
3381097
3381914
3385856
3388929
3390212
3390647
3390710
3391180
3392770
3393734
3394869
3394870
5576824
3395382
3396211
3397754
3400017
3400252
3400981
3401186
3402442
728076
8045584
3403733
3403996
3404194
3405114
3405138
3405450
3405498
3406740
3407341
7424125
3408031
3410612
3411411
3411516
3411599
3411704
3413229
3414769
3415889
1639167
3417009
5654151
3419056
3419767
3420339
3420569
3421548
3422686
8519107
6813904
3426413
3427569
3427837
3429750
3431912
3432770
3432988
3435593
3436017
2050821
3437965
3439439
3440270
3441360
3443615
3444430
3444503
3445003
654244
8835732
3448145
3450622
3451267
3451713
3452047
3452534
7431673
3452791
3452808
2001964
3453118
3455259
3455309
3455716
3457073
3457901
3458220
3458321
3458466
4587611
3460138
3461565
3462923
3464462
8363969
3467488
3468477
482279
3471320
8995181
3474585
3475080
3475226
3478230
3478758
4908170
3482127
3482618
3482671
2787644
3485779
3486409
3489504
3490237
3491583
3493440
3493502
3496064
2307482
9716302
3500033
3500801
3501905
3502489
3503889
3504069
3504485
3506153
3506681
3507596
3507834
3508959
3509329
3509595
3510851
3516617
3517362
3519710
3520038
9551938
6281635
3523500
2892263
3524329
3524966
3525815
3526226
3526630
3526758
2128524
3528615
3529020
3529315
3529904
3530278
3532570
3532767
3533153
3533633
3101537
3533965
3534346
3535019
3536124
3537431
3538807
3540987
3542135
3542164
4030937
3543199
3546105
3546359
3546570
3547101
3547965
3547974
3550713
3551129
3551882
3552486
3553110
3553705
3553750
3555327
8248743
3557182
3557701
3558380
5788112
3560067
3561029
3562612
3562717
3563716
3564071
3564415
3564486
3565453
6653850
3567414
3567824
3568635
3570880
3571243
3571805
3573680
3575864
3579353
3581519
3583204
3583862
5045802
3585001
3587707
3587933
8946087
3589747
3590721
232812
3591556
3458721
3596584
3596905
1312912
3599119
3599830
7868187
3600650
5805503
3593001
4955955
3602247
3605283
3607309
3608454
3609397
3609956
3611025
9804939
3611550
3612376
3615377
3615739
3616955
3618969
3619281
3620307
3621126
2618954
3624002
3624449
3624853
3624861
3624923
3625972
3626286
3627266
3627633
4842875
3629708
3630583
3630752
3636525
3639297
3645042
3645385
3648095
3649624
7437469
3654205
3655532
3655668
3657029
3657473
3657489
3660632
3660975
3664297
3727727
3666038
3667018
3667504
3667923
3668033
7235134
3670113
3671347
3671543
3671829
3672057
3673146
3674540
3676277
3676848
3678075
3678957
3680123
3680309
8932452
3681982
3682537
3682766
3683484
3686159
3687365
3688713
3690279
3691841
3694493
2118479
3694660
3695001
3695211
3695410
3695573
3696785
3697441
1381109
4463549
768690
3699244
3699724
3700050
3700110
3700163
3700378
3702435
3703529
2148988
3705188
3705541
3707018
3707552
3707594
7706539
3707929
3708323
3708416
8414158
3709652
3710421
3712357
3713822
6767488
3714441
3714687
3714835
4497431
9217789
3717066
3717567
3718009
3719670
3721262
3722535
3723016
3723068
3723796
3724741
3724817
3724952
3725359
3471245
3726312
3726969
8573174
3665716
3728384
8859169
3732138
3732613
3733112
3733197
3734201
3734811
3735190
3737354
3737435
9794138
3739143
3741658
961670
4687595
3746033
3747057
3747631
3751150
1036744
956738
3754562
3755338
3757424
3757851
3757857
3758495
3760867
3760974
3761220
6475114
3764289
3765013
3765036
3765783
8342632
3766204
3767527
1977187
3372525
2647719
9237382
3772891
3775004
3775289
3777105
3778304
3780213
2907765
3781350
3782480
3783950
3783951
3784114
3784395
3784483
3785358
3786394
3786929
3788364
7037141
3792305
3794081
3794389
3795576
3796073
3797487
3798395
3801247
1468479
9761775
3803735
3804076
3804262
3804606
2862673
1886700
1296408
9121137
3808515
8839449
3811218
3812881
3815480
3816148
3817434
3818209
3819300
3819899
3820034
8470386
3820636
3824130
3826261
3827395
3828112
3828208
3828956
1925644
3829606
6268291
3830881
3833135
3833246
3833644
3834193
3836695
3836741
3838766
3839100
3839970
3840704
3842122
3842283
976411
3843680
3845382
3845836
3846716
3848044
9250935
3849931
3849956
3851246
3851334
3852511
3853190
3853506
3855481
3857341
1192118
3028491
3858342
3860026
3862873
2278034
3863478
3864403
3864562
3864805
3865831
3867799
3867992
3869205
3869400
3869958
7411313
3872116
8465358
3876212
3877738
3878628
3879780
9355770
3883172
3884773
3886855
3887143
3887692
3889164
1081327
3892000
3892620
3893483
3893484
3894602
3895668
3895700
3896313
3896354
8134846
3899606
3902068
3904544
3904685
3905208
8820397
3906095
3909318
3909560
3911388
4675787
7994846
3912231
3912485
3913821
3914101
3914436
3916212
3917827
5914451
5701912
3920180
2780212
9428749
3924611
3924983
3925117
3926159
3927152
5035217
3928497
7914919
3929380
3930658
3932740
3935742
3936362
2789918
3937550
3940642
3940966
3942338
3943509
3944414
3945958
3948963
3949356
3951704
3952327
567807
3953791
3956450
3957099
3957389
3958104
3959987
2352206
3965172
3967743
8460717
3968135
3970152
3970348
3971619
1366930
2493639
3974824
3975880
3975940
2478324
3977040
3977226
3977474
3978017
3978164
3981448
3982252
3985782
3987282
3989449
3989560
3989902
3990859
3992874
3994012
3998236
3999124
4001379
4002138
2106377
4004759
4005459
4005948
4007179
4008040
4008380
4009491
4009851
4009887
2729234
4009951
4010766
141654
4016940
7314350
4017913
4020191
4020463
4020964
4023223
4023659
4024325
4024673
4024678
4024939
4028645
4028770
4028927
4029181
3445210
4031227
4032123
1034685
4033086
4033131
4034670
4035758
4038391
4039155
6570999
4039995
4041297
4041680
1642904
4044156
4045844
4048039
4048989
4049202
8484134
1882788
4052475
4052816
4054790
4054842
4055014
4055175
7967291
4697194
4061233
4062636
4063563
4065408
4066114
1469490
4067318
1530966
4068720
4068761
5338499
4074806
4078874
247187
4080088
4081476
4081588
4082716
4084530
4085057
8262003
4085473
4086219
4092243
4092951
4093382
4096595
4097928
4098049
4098249
4099271
4099378
4100085
4101521
4108153
4108266
4109574
4111277
4112942
4115822
2325600
4118433
4120396
4121031
4121628
4122307
4122968
4124335
4125413
4127131
473189
4128994
4130337
4131578
4132029
4132580
4132666
4133764
4134779
4137160
4137288
4138130
4138694
4144660
4146807
4146888
4147317
4149089
4149268
4150927
4152215
4152772
4153084
4153147
4155062
4155131
4156033
4156208
4161103
4162933
2539922
4165257
4165367
4167063
4167468
4167530
4169182
4169936
4169967
359849
1600793
618490
4173426
4178023
4178033
4178770
4180876
4182946
4185090
4186567
4187066
4187570
4188624
4189534
4189845
4190416
4192092
4192238
4193853
4194976
1137206
4202087
4202891
4203556
4204484
4208004
4208120
4208781
4210100
4212590
1908533
4217898
4218875
4220321
4220802
4221213
4221949
4222360
4223241
4234391
4234746
4234811
4235631
3199363
4236603
4237376
1278775
4240619
4241412
4242036
18897
4245372
4246723
4246823
4246834
4246920
4247108
4248138
4249209
4249652
5873860
4251514
4253394
4253733
4253761
4253854
4253931
4254082
4254405
4254461
8463345
4256631
4257034
4257704
4257933
4259785
4261290
4261737
4262821
688846
2619371
4265573
4266729
4267782
4269906
4271544
4272034
4272195
4274660
4275344
8567819
4276609
4276729
4277694
4279109
4280027
4280178
4280565
4281136
4281281
5381815
4282603
4283371
4285091
4526256
4287711
4291152
4291639
4293534
4294916
1153446
4298126
4298180
4298212
4299055
4300697
4301294
4302570
4305953
4306887
5723135
4310412
4312301
6194630
4316768
4317500
4317598
4318997
4319139
4319154
8849800
4321087
4323084
4323229
4325431
4326725
4327139
4328154
4328796
4330208
4330265
4333354
4335007
4335598
4335606
8317187
4337545
4337953
4338484
4338663
4339698
4341539
4342006
4344626
4345067
4345745
4346465
4348642
4349740
4350398
9924523
4350974
4356371
4357437
2657931
4357743
4359504
4359938
4360019
4360864
4362871
4363443
6747515
4366254
4367726
4370503
4370620
4373989
4374357
4376470
124138
2363136
4382719
4383880
4385515
4388102
4388785
4388926
3452663
4389895
5899452
4392218
4392922
4393276
4394848
4395214
4396522
4396689
4397298
4397715
4397985
4399791
4400935
4401782
4404983
4405165
4405488
4406374
4407879
4408585
6589041
4409118
3172568
4410119
4410217
4410432
4411324
4411400
4411748
4412706
4469652
4414495
4414623
4415916
4415977
4415992
4416910
4417130
4418208
4419602
8511750
1920044
4424344
4425824
2771499
4431697
4433057
4434613
4436190
4436798
2271003
4441586
4442285
4443393
4443738
4445126
4445243
6311561
4445919
4446428
4447585
4448849
4449949
4450249
4451675
4453766
4454232
4455322
4456303
4458599
7134909
4462245
3698523
4463838
4463998
4464324
4469441
4412713
4471289
4471315
4472027
4472782
4474844
4475473
4476022
4476657
4477252
4477497
4482046
4483356
4486119
4487519
4488261
4490384
4491033
4491528
4491674
4493271
4495728
4496174
7646681
4497595
4498562
4498890
4500622
4500895
4502308
4502747
4502985
4505548
2812857
4505790
4507360
1746600
4508605
308289
4512899
4517549
4517631
4519965
4520275
4520287
4520948
4523522
4524003
4524469
4524556
4525092
4525308
4525316
4285484
4527055
4528110
4528194
4528994
3124774
4530231
4530886
4531627
4532283
8131438
4534261
4534965
4535116
4535331
8790101
4539900
4541386
4542110
4542178
4542499
4542882
4544753
4544936
4545188
4545987
4547142
4016321
4547777
6673483
4548243
4548354
4548743
4549150
4549796
6262622
4551677
4551980
4553044
4554839
9792995
4554912
4555379
4556612
4558644
4559089
4560680
4562586
7114252
4562875
4563376
4563771
4563894
4566152
4566689
4566776
4570592
4573440
4574093
4574325
268441
4576079
4577116
4578077
4580641
4580834
4581150
4584277
4584341
4584683
9639665
4586783
8474337
3601587
4588886
3307833
4590889
4593458
4596090
4596760
8614672
4599932
755179
4600849
4603158
4605395
4606816
4607106
4608927
4609205
2142097
4611266
4611708
4613515
4613818
4615203
4615282
4615697
4616196
4618316
4618818
4620221
4620569
4620882
4621363
4622812
4623305
4624013
4624656
4624928
4628725
4631159
4632651
4635364
4635776
4638620
4640040
4640478
4640971
4642397
5969168
4646699
4646861
3936566
4649217
4649878
4651447
4652292
4654801
4655148
120599
4657487
4661058
3820448
4662728
4663376
4663389
4664741
4666204
4667333
4667645
2019703
4668319
4670838
4671233
4671454
4672094
4672235
4672490
4672996
7469497
4676050
4677758
4679321
4684066
8310188
4684965
4685004
4685096
4687547
9214479
4688619
4689171
4689238
4689983
4693016
5029948
4693098
4693337
4695908
4060049
3768940
4698509
4699789
4700922
4702416
1799235
4704348
4704598
4705377
1656396
4708433
4708675
4711282
4712169
4714133
4714352
4714418
4714837
4715878
7597311
4716235
4720580
4720679
4724552
4725492
4725842
4729210
3341251
4730097
4264933
4731443
4731689
4733358
4734643
4734817
4735539
4736493
4737040
4738468
4738965
4739352
4739413
4743153
4744319
4744382
4746209
4746261
4748130
4749064
9964868
4750319
4751118
4752933
4753380
4753705
4755361
4755537
4757804
4758441
6860174
4759526
4766108
4170375
4769733
4771430
4772212
4773001
4773047
7774994
4776550
8351410
4777803
4779299
4781182
4781430
4784001
4784355
4784360
4785141
7874703
4785707
4785969
4002729
4787004
4789043
4790942
4790961
1723887
4793179
8008890
2402568
4794557
4795496
4796763
1360679
4798625
1177330
4800635
4801910
1550714
4803029
4803797
4807147
4808328
4809916
4811414
4812433
4814829
4815374
3698945
4815810
4817197
4818270
4820268
4820355
4820703
4821284
4697231
4822671
4822781
4823372
4823455
4824335
4825269
4825886
4827901
4828101
4828922
4829869
4830437
3809369
4831321
4832295
4832785
4833245
4833380
4839055
4840182
4840798
298399
3629055
4843412
4844205
5873143
4847351
423289
4849153
4850950
4851648
6272264
4853846
4855343
4856222
4856325
4729532
4858325
4858336
4861739
4861803
1451447
4863616
4864778
4865204
4867184
4868018
4870148
4870180
4872272
4872892
4874157
4877304
4877643
4878466
1332530
4881827
4883221
4884810
4885584
4885730
1288985
4889888
4889996
4890031
4892753
4893869
4894231
4894372
4895448
4895485
4895499
4897647
4901172
3858304
4901636
4903178
4903254
4904513
4905812
6927076
3481417
4912815
4914186
4914487
4915237
4919755
4921141
4947417
4921678
4922900
5744332
4923149
4923985
4924000
4924502
4929393
4929496
4929757
2954250
4933127
5484921
4936508
4938137
4941173
4941464
4944160
4944589
3288032
4032706
4947034
6159924
4948422
4948737
4949288
4949338
4949362
4951200
4952116
4954096
4954906
3602020
4959790
4961267
4961904
4962995
4963364
4964527
4968071
4968554
4969815
9457648
4973327
4974034
4975687
4976824
4979898
4980036
4980726
4981844
4982486
4984380
4986176
4986619
4987090
6801252
4990414
4990513
4990801
4991309
4992523
4992636
4994884
4995121
5001853
5002303
5004001
5004621
5005598
5006395
3232988
5006547
5008754
5011640
5013344
1740221
5015941
5016647
5019944
5020120
5020759
2417776
5021390
5021700
5022086
5023493
5024350
5026300
5027357
5028279
5029905
9516318
5033259
5033639
3928050
5037964
5039063
5040000
5042720
5042978
5045673
2228118
5045945
6051328
5051428
5052892
5054479
5054583
5055750
5057131
5058960
5060111
5060887
5064317
5065169
5065952
5067616
5068722
5071240
5072772
5073154
3214183
5074536
5074704
5076755
5079106
3260355
5083581
5085300
5086700
5088373
5294695
5089816
2649455
5090733
5093101
5093485
5094752
5095631
5096499
5096640
8060150
5097255
5097384
5097404
6393174
5099444
5099643
5099729
5100637
5106255
3080939
5108748
5108945
5110377
5111094
5111437
3026399
5113508
5116242
5116626
3790822
5117349
5117477
5118596
1489817
5118712
5118728
5121554
5121938
5122486
9003977
5125271
5125588
5127558
5127793
5132976
5135780
5136793
5137959
5138494
3083169
5140349
5140377
5142812
5144055
5146112
5146329
818640
5146878
5148677
5150070
5150140
5150442
5150521
5152057
5152215
5152807
5152982
5153714
5157012
5157858
5158621
5159349
5160386
5160878
5164779
5165404
5166349
5171723
5172422
5172521
5174720
5175087
5177639
5178073
5178465
5179777
5180649
5181024
5181498
7123240
5182969
5183014
4538727
5183796
5184040
5185497
5186285
5188549
5188984
9803431
5191998
5192165
5192979
5193180
5193782
5194490
5194658
5194851
5195220
3890856
5196604
5197090
5197187
5197306
5197948
5198807
5200642
120970
5201652
7193846
5203413
9985319
5204204
103650
5205431
5205604
5205646
5205879
5206195
6542390
5208236
5208506
1599778
5208756
5209520
5209533
5209610
5210309
5210690
5210899
5211740
5213974
5214288
5214547
5215928
5217412
5217774
5220758
5222408
5980682
5228169
5230942
5231488
5233422
5237667
5239193
5239410
5239501
5239691
5239955
5241494
5242754
5243663
5244086
5244149
8800119
861
5246947
5248921
6364911
5250472
5251032
5251248
5251883
5252669
5252897
5253924
5254013
5254913
5256033
5256320
5257582
5258976
5259634
1345462
5264918
5265734
5266332
5266617
6418468
5267238
5268223
5268475
5268569
5268613
5270884
5272108
5272586
5272989
3331083
5275493
5276273
5278692
5281141
5281850
5282075
4357708
5284371
5284460
5287559
482734
5288001
5288091
5289234
5289401
5290606
5293505
5293616
5293931
5837161
5089334
5296364
5296400
5299204
5299564
5301798
5304947
5305494
5305525
6854418
5308840
6383019
5310875
5311478
5312365
5312365
5312784
5313398
5313703
2496195
5318184
5318484
5318543
5319503
5319834
5320373
5322243
5322336
2137754
5324116
5324166
5324319
5325810
5326054
5859330
5327001
5327022
5329304
5329627
5330816
5331142
7399799
5336577
5338434
4069465
5339154
5339930
5340191
3732079
6427701
5341296
5342096
5346770
5350334
5350983
5351162
5352763
5353558
5353843
5354326
5354400
5355389
5356517
5356702
5358343
5358488
5358568
5359646
5362582
5362760
5363615
5363775
5364723
5366371
5369164
5370005
5370974
5371177
5372467
5375113
5375534
5375709
5375948
5376877
3402495
5378213
5381294
2765123
5383060
7294919
5385132
5387460
5389820
414325
5393734
875750
5398096
5398617
5398980
2838569
5400107
5400259
5402233
5403201
5403513
5405015
5405133
5405530
5406643
5407348
5408547
5409804
5412144
5412194
5412343
5412940
5413544
5413830
5413845
5310130
5414797
5416027
5416379
5416435
5418498
5419290
5420761
5422748
9968356
9237734
5424624
5425655
5425909
5429587
5431146
8664597
3394900
5432834
5432887
8535655
5436590
8279278
2276066
5442370
5442552
5442653
5445089
5445750
5446997
3055371
5448987
5449078
5449470
5449682
5450170
5450173
5450632
5454208
5455600
5458050
5459410
5460312
5461005
5461068
5461942
5462013
5463834
5464291
5464303
5465065
5465878
5466815
5467698
5470013
5470021
5470689
5471223
5472599
5423342
471278
5733250
5479016
5481767
5482363
5482757
5483053
5483103
4936022
5485547
5487363
5487894
5488694
5488712
5489778
5490827
5491037
2612515
5491792
5492312
1880992
5494764
5495212
5496260
5532262
5498232
5499002
5501942
6916894
5503305
7589278
5506485
5507759
5508030
5508281
5508524
5511933
5514436
5516525
5516793
8956106
5524416
5526086
5526633
5527709
5528701
5529655
5530239
5531269
5531398
5496998
5533589
5535756
5536484
5536541
5537251
5537914
5537934
5539370
5539433
5543923
5543985
5544109
5544314
5544845
2896931
5545756
5547526
5547950
6413304
8653859
5550675
5554367
5555571
5557441
5557489
5557873
5560385
5564280
5564421
5566469
5567083
5567307
5568134
5568173
5569540
5570072
5572256
5574158
5575779
5432831
5577188
5577393
5577600
5577928
5580865
5582238
5583346
5584912
5585013
5585946
5586040
5586338
5587940
5588126
6735135
5589459
5589749
5590524
5591254
6756243
5593581
5593646
5593784
5594323
5594975
5599633
5599715
5600180
5602907
6226653
5604434
5604570
5605099
5605395
5605499
5606229
5607860
5607865
5607903
6245043
5612972
5614383
5614676
5615191
5617161
5617462
5617908
5619916
5620398
2476032
5622412
5622754
5624905
5625974
5626867
5628239
5628601
5629284
5629416
5893498
5633739
5635189
5635603
5636950
5637771
5639820
5639992
5641913
5642069
3770133
5644122
1761826
5647162
5648141
5650612
5651083
5651831
5653677
5653725
5858406
5654580
5655603
5656118
5656778
5658877
5659160
5660008
5660805
5661124
5661512
5661612
5662617
5662879
5663207
5664549
5666363
5668960
5670843
5670865
2006033
5671237
5671761
5671793
5673716
5678708
5681931
5683577
5683719
5684128
5684439
5684865
5685508
5686094
5690687
1303747
5691403
4551440
5692869
5693104
832646
2245639
5694148
5695784
5696180
5699076
5699502
5699530
5701087
5701330
8332175
5702516
5704574
5705771
5705803
5705937
5707378
5707497
5709563
5758415
8750257
5710136
5710182
5710322
5710491
5711200
6820811
1428756
5715115
7387781
5719144
4445726
5721730
8625123
4309191
5725261
5725708
5726243
5726875
5727351
3132292
5727614
5728753
5728777
5729294
5729357
5730453
5730611
5731863
5732087
5837900
5733715
5734662
5735051
5736462
5737612
5738055
5738501
5738585
5739375
5739673
5741260
2524631
5742646
5742877
5742910
5742994
4923123
5744782
5746196
5746513
5746752
5750111
5752575
5752593
5753311
5755227
5755506
2646060
4932898
8813891
5758798
5759893
5762214
5763410
5763550
5767320
5771431
5772428
5772534
5773489
5775175
5776279
5779713
5779999
5781301
5782675
5118644
5787083
3472530
1515335
5788742
5789759
5790256
5791360
5791503
5792473
1701940
5794994
5795035
5795088
5795570
5796317
5798734
5798930
5800633
5802536
5803484
5804634
3601200
4067207
5809249
5809592
3780474
5810270
5814074
5814423
5816400
5817904
5820009
5820579
3583864
5823916
5825430
5825711
8696784
5826527
5828308
5828836
5829687
5831493
5831682
5832794
5833913
5294275
5837256
5476169
5838716
5839253
5841257
9351079
5843546
5843546
5843728
5843870
5843962
5845233
5847292
5848935
5848954
7984429
5850573
5851652
5852126
5854946
5857070
5857782
5858333
3418406
5858809
2361733
5859477
5860437
5860732
5861206
5861686
5861710
5861785
5864508
5864540
5864715
5864823
9098574
5866047
5867304
5867400
5869322
5869613
130462
5872058
548658
4249673
4039378
5876211
5876362
5876808
5877144
5878710
3911459
5880514
5881215
5881296
5882036
1536405
5882938
5883519
5884198
5884680
5887097
5887248
8148709
5889383
5892101
5630684
5894479
5896159
5896474
4845352
5902331
5903307
5903660
5903737
5904799
5906372
5906831
7040739
5907939
5908890
5909440
5911426
7194700
5914329
5914420
3919088
5915512
5915993
5916512
5917081
5917347
5917669
4508476
5919101
5919114
5919309
5921618
5921786
5923129
5923513
5923546
5924623
1249751
5927388
506358
5929823
5935471
5936211
5940747
5940753
5941006
5941729
6854001
5943034
5943464
5944114
5944788
5945309
5946640
5950597
5954105
5956051
5956122
5956790
5956966
5958324
331635
5959329
5959380
2050417
5962353
5962683
9050771
5966216
2097845
5968760
4642814
5969796
5969983
5970565
5970609
5971969
3324795
5975367
5976234
5976408
5976452
5978324
339965
5981031
5981302
274581
5810017
5985184
5987684
5987862
5987997
5988345
5988681
5989989
5992285
5993693
5995356
5997623
5999304
5999991
6000162
959456
6001248
6001500
6004077
6004772
6129836
859135
6006225
6007426
6007482
4057292
6008986
6009161
6009454
6010568
7374394
6012836
6013634
6014582
4562627
6015525
6016232
6018104
6018363
6018747
1436179
6020647
1520128
6025109
6027389
6027913
34284
6028753
6030019
6031366
9715292
6033816
6034538
4587357
6037215
8913934
6041783
6041974
6042533
6044000
6044063
3221097
6044472
6045411
6046247
6047701
6048031
6050400
6050607
6051305
5049990
6051628
6054975
6056182
6057691
6060516
6060773
6061841
6062906
6066387
6067294
6067925
6067944
361926
6070077
6071968
6073275
6075846
6076356
6076583
6077236
9775510
6078470
6079982
2970332
6082053
6082916
2268823
6085175
6086965
9617857
6091891
6096130
6096861
6097481
6098783
6100289
6101342
6101346
6101640
9550173
6103201
6103630
6104066
6105770
6106277
6107580
6108613
6110685
6111445
6112537
6113577
6114606
6115371
8499641
6116212
6116224
6117187
6117459
6117729
9288499
6118773
6120873
6121335
6122384
6156545
6123502
6123852
6124174
6127219
3231182
6128342
6128635
6129558
6129766
1846676
6130035
6130450
6130486
6132616
300000
6135715
2178097
6136709
6137929
6138157
6138742
6141511
6141887
6142314
2492247
6142710
6142868
6144961
6145943
6145958
6146211
6146464
6146912
6147405
6147559
6149045
8003865
6151030
6151105
6151466
6151608
6154226
6155129
6155997
1177474
6157176
2728180
6159122
7560022
6160243
3870092
6160592
5323552
6164598
6164749
6169175
6172092
6172686
6453039
6173667
6174762
6178995
6180630
6182365
6182543
6184346
6184499
6184529
6184700
6185784
6186643
6160345
6189982
6193569
4315988
6194757
6195202
6195795
6199078
6199262
6200681
6200960
6201306
6202273
144600
6202500
6202810
6203022
6203033
6203227
6203813
6205091
6205647
6206226
3265469
6211417
6212712
6213992
6895295
6215129
6215890
6215961
6217165
6217514
9337070
6219629
6219911
6220689
6220787
6221836
6222035
6222816
6224519
6741378
7795728
6227248
6227912
6228776
6472925
6231898
6232546
6233955
6236103
6237460
9868493
6237999
7024999
6238418
6240583
6241430
6242486
6242869
6243069
6244178
9781197
6245121
6247204
6248281
6248392
6249907
6250534
6253302
6253653
6254664
6255500
6255997
6256968
6257047
6258410
6259708
6261700
6261999
6262079
6262460
6610482
6262705
6262859
6263780
6265329
6265473
6265723
6266725
3829615
6269052
6660764
6270758
6270777
6270902
6271715
6271756
6272200
1810343
6277738
6281211
3523376
6281709
6281878
6282308
6282553
6282729
6284285
3669134
6284359
6285485
8147871
6286672
6289129
6289314
6290105
6290500
6291340
6291807
6294915
6295153
9150609
6296486
1985523
6298923
6299075
6300172
6302743
6304956
6309954
6311118
5721429
6312478
6313302
6314738
6314909
6314935
6317426
6317634
6317923
6318652
6319325
6320405
6323541
6323565
8041240
6324635
6324884
6687133
6324994
6325790
7471386
6326418
6326741
6326939
6327818
6328969
6330034
6330553
6330597
6330721
8572200
6331763
6332022
6333771
6333850
6333876
6334143
6334355
6335201
6337453
5282203
6346990
6347725
6348249
6348397
6348474
6348904
6351075
6351157
6351345
6590004
6353402
6353744
6354299
6354687
6357620
6359418
6362846
6362936
6364486
5249877
6365917
6367718
6367976
6368264
6369782
6370365
6370368
6370930
6371106
9925689
6372766
6372788
6372991
6374037
6375538
6377540
6378155
6379716
6382207
5414302
6383329
6383650
6384494
6387094
6387495
6390154
1182319
6390289
6392347
5098706
6394273
6395382
6395663
6396329
6397165
6399422
6399509
6400298
6401652
6403393
6404476
6405638
9713179
2133463
6408128
6408493
6408509
6410120
6412510
5548955
6413769
6413891
6414612
6418081
8637903
6419087
6419737
6421093
6423208
6423227
6426232
6427100
6427624
5340898
6428840
6429144
6431861
6432589
6433136
794237
6434056
6438406
6442737
6442861
6445291
6445433
6447009
6447259
6449162
6173215
6453468
6453821
6456255
6456500
3694643
6459580
6460275
6460582
6460895
8963380
6461813
6465272
6466694
6466780
6467043
6467083
6467526
6468830
6469070
6231106
6474634
6474774
3365393
6476550
6481423
6481490
6564436
6485989
6486157
6486608
1129620
6488984
6490482
6490737
6491203
6492338
3714950
6499373
6500421
3025443
6503830
6504766
6508698
6509569
6510319
6511689
6513068
6516233
6516815
6517789
6833498
6521703
6523186
4600769
6524318
6524318
3013290
6525344
6526291
7703030
6529145
6529457
6532216
6532673
6533223
6533249
6534858
6536045
6537041
6537575
6538801
3376893
6541871
5206468
6542480
1715708
6545386
1358209
6549259
6550643
6552115
6553060
6553470
6554362
6554852
6555153
6555723
6555821
6555989
6134931
6556371
6557314
6557329
6557762
6558909
6559826
6559902
6559997
6560149
9194411
6565063
6568744
6569262
808030
6570448
6570574
6570897
5876135
6574599
6574892
6577301
6578445
6580677
6581770
6582130
6582263
6583986
6586218
600962
7751057
6591031
6592871
6593022
6597818
6598801
2730737
6600618
3201661
6601289
6602192
6602244
6602614
6604162
6604547
6605097
6605569
6606553
6606624
6606687
6606723
6606877
6609241
6609999
5692332
6610782
6612504
6614346
1306679
6617365
9579749
6621114
6621386
6622892
6623405
6624330
6626291
6626839
6626914
6627491
269562
6629329
6629645
6630977
6631425
6632313
6633412
6633525
6635242
6636363
6636425
6638019
6638685
6639528
6640185
6641792
6642836
6643491
6643515
6646288
8184654
6647129
6647584
6649259
6651487
6652999
6653509
2483125
6653968
6653985
6655331
6656172
6656549
6657320
6657354
6657410
4529504
6660963
6662118
6662663
2240212
3858103
6666085
6667435
6668007
6668131
6668240
6669023
6670411
6672613
4547904
6677072
6679232
1573623
6680937
6683351
6684153
6684221
6684252
6684334
6324931
6688112
6690737
6691906
6692195
6693080
6694493
6694839
6694967
6697159
27922
6698365
6704835
9396777
5326150
6707219
4050883
6708715
6709228
6711734
6711948
6712567
6713253
6715557
6716962
6718404
6718961
6719806
6719837
6719968
8416677
6721851
9009072
6722614
6723096
6723178
6723585
6724541
6724861
6725143
2308518
6727817
5203201
6729896
6731044
6731557
6731920
6731922
6732260
6733365
5588492
6735358
6738098
6738243
6738706
6738710
6740288
6740372
6740524
6741284
6224622
6741858
6743090
6743736
6744031
6744117
1735626
6746378
6746601
6747154
4364320
6749513
6750454
6752526
6752835
6752965
6753135
6754189
6755870
2511169
6757596
6757794
6759945
6760043
6760881
6761964
6762530
6763728
6765320
6766401
3714353
5882185
6773277
6774500
6775698
6775935
5981762
6776435
6777676
6778777
1772131
6779805
6779884
6780436
6782395
6784402
6784431
6787309
6787344
6788127
6789025
6790327
6792184
6792641
6793047
6793116
6794532
6795069
6797118
7516923
4988979
6801490
6804626
2178666
6806336
6806449
6807697
6808420
6809402
6810578
6810690
6811961
6813524
3863104
6816251
6817389
6817498
6817944
6545074
6820209
5714127
6821785
6822159
6822847
6823285
6824624
1651720
6825924
6826431
6827078
6827265
6827385
6827873
6828400
6828777
6828989
6832011
6832502
6832668
8978593
6519431
6834007
6834303
6835304
6836132
6836201
6840175
6840576
6840744
6842657
6844983
6845573
6849067
6849197
6849534
6849837
6850045
6850427
6850447
6853053
8410833
3315047
6855991
6122715
6862686
6863955
6864617
6865097
6866230
6866447
9187174
6867643
6867756
6867875
6869833
6870353
6870574
6871900
6872217
6873834
6875233
6876142
6880520
6881161
6881334
6882655
6882785
6883516
6883654
6884598
6884874
6885837
6886068
6888464
6888498
6888662
6888792
6889662
6890261
6890476
6214045
6895903
6896478
6897609
6897732
6899339
6899356
6900963
6902299
6902663
6903878
6904367
6904368
6904779
6908367
6910833
6910837
6912518
6914949
6916321
5502482
6916982
6917804
6918418
6918531
6919142
6919447
6923775
6924880
6925865
9245910
6927571
6927810
6930052
6930420
6931124
6931208
6931412
6938053
6938620
6938783
6939234
6939680
6940841
6942826
6943508
6943620
6945170
6946732
6947640
6947903
6948447
6950208
6952887
6953219
5693731
6957900
6962093
4236106
6963073
7703888
6963355
6964758
6965525
6967811
6968714
6969079
6969605
6970535
6972547
6973061
6973134
6973200
6975096
6975876
6977645
6978175
6978652
6979800
6979958
6980703
6982074
6983474
6984161
6984783
1332176
6985563
2168644
6986480
6987240
6988156
3771525
6988721
6989034
6994712
6994712
6999339
7001207
7001556
7001820
7001957
7002999
7005158
7006487
7007816
9782714
7010017
7010981
7012687
7014848
9909922
7016848
7017280
7017717
7019562
7021347
7021781
7022859
7023304
7023747
8765627
7026252
7026622
7027191
1048288
7029234
7030007
7030843
7031618
7031722
7031870
7032058
7032985
7034010
7035265
7035773
4335827
7038001
7038868
7039648
5907272
7040756
7041480
7045241
7045989
7046009
7046768
7047402
7047898
7048593
18312
7050256
7050974
7053012
7053937
7054184
7055095
7055744
7057820
7059386
9626631
7059548
7060494
7060986
7064032
9904883
7066125
7066575
7066898
7066941
7067285
7069432
7070026
7070338
7071512
7071728
7072324
7072599
7072792
7074061
7074713
7074970
7076953
7079990
5438869
7081467
7082721
7082794
7083334
7085410
7086157
7086707
7087983
7088031
7089835
7089966
4590387
7091590
7091619
7092475
6679586
7093867
7094492
7095205
7095390
7095424
7096334
7097166
7100531
3106197
7102350
7104390
7784756
7107079
7107079
7729681
7111466
7111823
7112172
7113627
6015518
7115916
7117917
7118416
7118573
7119926
7284491
7120947
7121306
7121914
3120947
7123782
7127136
7128160
7130554
7131005
7133504
7133908
4459752
7137180
7137553
7139602
6296150
7140239
7141221
7141376
7143508
2565442
7145048
7146727
7080889
7148210
7151704
7153156
7153368
7157621
7158709
7159420
7160881
7163728
7711654
7167204
7167597
7167620
7168258
7169681
7172432
7173309
7173829
7176301
9889253
7178252
7178360
7178625
7179287
7179521
7180227
7181171
7182002
7185207
8652356
7187234
7187849
7189223
7189250
7189368
4749858
7190008
7190394
7191544
6728278
5912164
7196149
7196295
7198017
7198146
7199388
7201230
7202013
7204304
966230
7205613
7205944
9801142
7206210
7207132
7207538
7208884
7208887
7209454
7209942
7211067
7211855
7212299
7213461
7213469
7214024
7214478
7214904
7215176
7722897
7218248
7218545
7218663
7219435
7220236
7221831
7223208
7224038
7224406
7225837
7226007
7226042
7227840
7227982
7229618
7230705
7232641
7233276
417076
6284344
7236550
7236799
7239159
7239175
7241066
3962901
7244021
7244899
7246323
2917235
7246969
7247107
7250489
7251535
7251757
7251839
3181610
7252544
7254631
5544978
7257219
7258752
7260220
7260871
7262879
7265085
7267733
7267978
7268005
7269145
7270641
7271073
7271395
7272371
7272605
7273066
7273418
7274691
7275085
7009975
7277733
7278609
7279251
7279393
7281867
7282350
7283578
7283676
7284065
8152856
7285293
7286217
7286636
7287558
7288720
7289633
7289637
7289957
7291025
7291091
7291776
3052754
7293602
7294866
2697157
7296825
7297475
7298056
7302079
2568875
7302720
7303160
7303911
7304525
7305429
7306940
7307695
7310308
7310637
4017815
7314705
7314784
7317968
7319680
7323418
7323445
7324170
7325000
6326230
7326297
7328592
3805647
7330968
7331620
6664232
7332815
7332822
7334385
7335931
7337219
7337960
7337988
7341187
7342138
7342629
7342867
7343399
7345345
7345369
9748813
7352189
7353620
7354846
7356681
4085236
7359066
7359732
7359806
7360571
1555377
7363564
7363757
3080197
7366399
7368273
7369013
7370182
4599682
6012115
7377796
7377990
2454546
7380899
275272
7381448
7383910
7384697
9823316
7387477
5715801
6324051
7394708
7395110
7395887
7396411
7398434
7398456
7398800
7399787
5333273
7400413
7401990
7404076
7405529
7405598
7408427
7408511
7409558
7411211
6188124
7411469
7412997
7413209
7414050
7416723
7417861
7418734
7421447
7422923
8512507
7424530
1108622
7428464
7428489
7429315
7429691
7430216
7430712
7430819
4389432
7432339
7434058
7434060
7434336
7434455
7434544
7435262
7436989
7437158
6616881
5927709
7437888
7440449
7441282
7441519
7441863
7441889
7442955
7443070
7444356
7444740
2931835
7447095
7448659
7450563
7451147
7451165
7451389
7452362
7452515
7453665
7454159
7454489
7455635
7457246
7460837
7461384
3045819
7462767
7463087
7463391
7463587
7464051
7464220
2059931
1916932
7470127
7325577
7471547
7472646
7472731
7473080
7473856
7474170
7474692
7475571
536412
6483237
7477383
7478017
7478391
7478432
7479836
7480886
7482009
7483529
1853503
8929945
7485025
5113128
7485697
7487031
7487694
7488218
7488735
7494169
7494237
7494627
7495463
1187218
7496780
7497005
7497278
7498088
7499274
7499393
7500014
3698415
7506039
7507519
7508941
7509524
7510959
7511031
7511970
7512935
7515604
7516003
3807196
6797148
7518953
7520092
7520361
7520394
7521715
7522438
7524680
7524951
7525775
1796441
7528192
7528268
7528435
7531438
7531635
7535642
7537055
7542298
3164628
7544099
7544681
7545932
7547146
7547500
7548341
7106638
7551130
7551317
7551513
7552258
2334789
7552690
7553511
7554113
7555032
7558076
7558594
7558753
7559786
4921144
7563678
7564210
7564864
7566550
7567973
7569162
7570911
7572872
7574795
8428117
7576940
7579338
7581590
7582115
7582196
7582544
7582654
7582727
7584637
7586051
5504664
7589680
7590527
7590785
1208172
7592343
7594010
7594930
7595602
2042890
7597123
1504657
7597377
7598431
7600018
7602282
7605346
7606049
7606096
1858071
7608757
7610035
7610133
7610588
7612545
7613051
7613461
7613541
7613651
9917565
7614294
5146591
7619637
7623350
7623710
7625262
7625572
7626330
7626722
7627990
7629520
7630030
7631607
7631699
7632487
7632831
7634715
7637628
7639879
7640466
7640911
7641955
7642101
7642231
7642366
7643260
7643891
4799747
7646156
7646597
7646612
6495743
7647072
7647818
7647917
7650615
3087012
7651871
7652398
7653365
7653986
7654692
7655900
7656154
7656393
7656611
7657938
7658105
7658359
9649680
7660640
7661684
7662171
7662957
7664347
7664883
5266881
7665174
6028750
7667790
7668099
7669773
7672463
7673096
7673749
7673960
7675086
7675352
7676503
2258630
2459644
7680685
7683089
7684405
7685706
7686385
7688033
7690203
7692005
8127776
7692530
7692930
7693895
7694703
7697279
7698628
7698845
7700958
7701091
813686
7703217
7703524
7703684
6963293
7705724
7706086
7706103
7706324
7706388
3707628
7706593
7706925
7707378
7707957
3919842
7708494
7709274
7709445
7710108
5393748
7166392
7715457
7716820
7718643
7721223
7721531
7722074
7722736
7215429
8956121
7724688
7724923
7725136
7725973
7726192
7726811
7726887
7727630
7728358
7108084
7730338
7731576
7732979
7733493
7733754
7740595
7741433
7743863
7745334
7745755
7746078
7748272
7750059
3524287
7751937
4785518
7758959
7759148
7759401
7760561
7762422
7762495
7763697
7767668
7767734
7768067
63428
7770773
7771871
4775243
7775522
7776017
7777416
7778168
7778797
7779200
7781778
7784554
7784586
965447
7785378
7785592
7788044
7788868
7791039
7791261
7792324
7792525
7792867
7795173
7793118
5603716
7796395
7798836
7799641
7800604
7803457
7804439
7804651
7805773
7805788
7807592
7808021
7808865
6006066
7810322
7810927
7812043
7812226
9438733
7813896
7815227
7816132
7816249
7816534
7817105
7817505
7820654
7822236
3297544
7829345
7831081
7831495
7832303
7758528
7834646
7835180
7836543
7836562
3527252
7840985
7841610
7843757
7844353
7844692
7846769
7847551
7848836
7850579
8744043
7853009
7854689
7855446
7857624
7858437
7858674
7860496
7860497
7860697
7861312
7863336
7864391
7865143
7865314
7866189
7866661
7866837
7867174
7867536
3600376
7869694
7870182
7870404
7871458
7872850
7873426
7874107
7874316
7874481
7833664
3911892
7876615
7876722
7876921
7877084
7877825
7878016
7879140
7883020
7883048
7883368
969306
8736438
7886873
7887637
7888152
1188063
7890333
7890924
7891161
7891556
7892579
7894894
7896517
7897063
7898102
7898206
7898311
7898742
9767771
7900728
7901166
7902347
2705157
7904657
7905154
7906467
7906873
7907268
7907490
7907560
7908056
7908906
7909415
7909620
7910590
7910845
7911810
7912958
3928555
7916164
7918018
7918606
7919604
7919831
7920235
7921311
7921331
7923139
370336
7926198
7926950
7926978
7927177
7927379
7928162
7928901
7930176
7931310
7932738
7932989
7933128
7934593
7934730
7936499
7936965
7937160
7937252
7938420
7938712
7941536
7943031
7943442
7944073
7944225
7945939
7947199
7947682
7948041
3019950
7948166
7949392
7950127
7950525
7951278
7952213
7952215
7953186
7953429
7953839
7955318
7955623
7955899
7956472
6023269
7958053
7958319
7961068
7962073
7962451
7963146
7963559
7963768
7963989
7965488
7965584
7965696
7966182
7966299
6008270
7967351
7971618
7972149
7972367
7973575
7973712
7974659
7975280
7975476
1320397
7976786
7977882
7978212
7979380
7980123
7981911
5850317
7985066
7985819
242264
7989971
7990107
7990771
7991030
5204573
7993553
7994286
7994547
7994667
7875674
7994998
7995062
7996054
7996617
7998363
7998584
7999008
7999527
918424
6150332
8004461
4794262
8009394
6985515
8010107
8011141
8011209
8011303
8012267
726103
8014421
3744648
8017244
8018147
8023172
8024222
8024736
8256221
8025354
8026925
8027324
8029111
8031349
8033450
8033892
8034266
86147
8035223
8038249
7388151
8042418
8042556
8042739
1615630
3402770
8046769
8049374
8051151
8051468
8052268
8054755
8058503
8058564
5097204
8060447
8060741
8061053
8062461
8062774
8063389
8065897
8069104
8069775
8071034
8072134
1766207
1783725
8076016
8076105
8076341
8076358
8076779
1699475
8079987
8081051
8082359
8083326
8087730
8088072
8093046
8094346
8096651
8096962
4554840
8098280
8098472
8098599
8100288
8102316
1817600
8102377
8105493
8105515
8106102
8109840
8110172
8111630
8111924
8112165
8113744
8114849
8115216
8117010
8121955
8123292
8123406
8123789
8124064
8124359
8124471
8125032
8125880
8126297
8126308
8126687
8127458
908043
2741756
8129665
5823071
8130394
8130765
657093
8133892
3898457
8557945
8135929
7551072
5340382
1834508
8138241
8139062
8139946
3597300
8140073
8140640
5424185
8141814
8143395
8143636
8144105
8144558
8147272
6286270
5889297
8149964
8902973
8151403
8152064
3972075
8156939
8158411
8159499
8161095
3805087
8161292
8162252
2618090
8164073
3726229
8165339
6036181
8169100
8169726
8170433
8171671
8171909
8172188
8173326
152485
8174281
8176192
8178203
8178482
8180729
8180754
8180782
8184241
6646775
8185046
8185340
7185615
5722704
8188832
8188933
8188941
8189289
8190298
8190555
8191375
8191913
8192798
8192809
8193746
8194898
8195368
8197130
8197247
8198101
8198408
8199397
8200930
8203234
8204536
8204723
8206683
8208949
8209970
8210105
5794477
8210948
8211398
8212336
8213711
8215139
8216877
8217767
8217910
8217915
8217977
8218183
8221346
8222409
8222580
8222586
8222924
8224700
8225003
8226471
8226587
8226911
8227091
7059493
8228454
8229326
2206717
8231794
8232238
8232833
8233156
8233356
8234149
8234191
8235613
8235838
8235984
8237313
8239211
8241035
8241662
8241678
8243816
8244636
8245574
8245575
8247099
1845895
8247492
8247787
3555462
8249278
3922704
8251514
8251821
8253270
8253979
8255172
8255904
8255992
8024902
8256929
8256947
8257117
8259184
1826343
8260403
8260492
7356822
8262776
7645071
8265928
8267418
8268469
8268656
8268677
8268702
8270573
8271036
8272024
667247
8272579
8275325
8275854
8275962
8276582
8276633
8277848
8278138
8278689
5436666
8279889
8280965
8282190
8282412
8284388
8284825
8285001
8285655
8285898
5958640
8292227
8293082
8293637
8294128
8296462
8297592
3152242
8299278
8299896
8301630
8302183
8302630
8302706
8303229
8303537
8304940
8308743
8308913
7658604
4684302
8310941
8311243
8312627
8313857
781879
8315765
8316987
8317001
8317103
5757332
8317629
8317729
8318063
8318253
8318506
8319158
8319630
8320017
8320522
8323815
2008073
8326055
8328526
8329637
8330884
8331626
8332086
108916
8334456
1462901
8336140
8338215
8338269
8338454
8338706
8340254
8341021
8342243
2092508
3765980
8343018
8344886
8345281
8345536
8345790
8348402
8348688
8349025
8349076
8349092
8349249
8349270
8349769
8349839
8349866
8349978
1257830
8350732
911499
4777298
8351864
8353686
8353926
8355162
8359090
8359908
8360386
8361787
8362946
3465135
8365792
8366281
8367149
8369423
8371178
8372025
8372072
8372919
8374336
8376029
8376658
8380647
8382089
8382352
8385290
8386880
8388461
8388956
8389421
8391194
8391443
8391822
8395730
8396012
8397418
8397807
8399260
8400520
8402713
8403126
8403485
8403872
8404698
8404712
8405669
8406309
8406317
8406699
8406769
2312310
8407494
8407678
3588278
8408859
5942503
8412115
8412601
745751
3520045
9202481
8417985
7291815
8420398
8421077
8423655
8423858
8426617
7575614
8429458
8429835
8430927
8431038
8431426
8432050
8433794
8435463
8435980
8436359
8437242
445958
8440429
8441884
8443018
8443222
8451585
8451846
8452892
8452995
2619125
9393505
8454846
8457455
8458680
8459174
3967984
8461937
8462987
4254971
8463601
9993380
8465827
8466025
8466899
8468091
8468622
8469884
5757148
8472622
8473571
8168225
8476061
8476386
8476523
8476968
8228147
8479413
8480592
8482022
8482871
8482886
8483414
8483764
4050787
8484560
8485061
8486057
8486117
8488875
8489082
9545177
8490048
8491483
8492601
8493172
8494838
8495795
8496486
8498059
8498298
6116088
8499723
8500207
8501554
8502322
8502627
4585413
8504454
8505783
8509644
8509863
7462186
7147050
8512360
3407492
8517278
8517476
8518127
8518223
8518551
3423323
8521660
8523873
8525222
5081646
8526129
8526194
8527860
8528307
8528488
8982558
8533270
3219165
8536118
8538084
8538254
8539767
8540167
8540681
8541015
8661284
8546151
8547384
8548910
8550393
460643
8554506
8554819
8557008
8557177
8135077
8558293
8559575
8560378
8563576
8567707
4275484
8571175
8571792
4786894
3726995
8574045
8574915
8575169
8576332
8577673
8577825
8578413
8579453
8580193
8841709
8583097
8589079
8589631
8408537
8592503
8593033
8595077
8595153
8595467
8596645
8596907
8598759
5203531
8601374
8601410
8603536
8607525
8611623
8612155
7370865
8617396
8618152
8619363
9953784
8620334
8621164
8622497
8625097
8625097
8186621
9435746
8625542
8626007
8626325
8626404
8627411
8629582
8630016
8631204
8631738
8631842
8632689
8633553
8634157
8634612
8634744
8635383
8635406
8637250
7664936
8638216
8638351
8638396
8638795
8639493
8641205
2689568
8643504
8646175
9628089
8651156
8652102
8186313
8652624
6706615
8654996
8656518
5089883
8657807
2121327
8659186
8660195
8660861
8542339
8662356
8662895
8663001
8663638
8663863
5431204
8667207
8667297
763861
8669757
8670507
8671405
8673126
8674548
8675898
7465288
8678881
8678943
8679086
8679293
8681245
8681851
8682539
8682846
8684157
8669279
8685113
8685262
8687010
8687073
8688975
8691392
8692386
8692431
8693317
5825857
8699439
8700130
8704309
8704357
8704710
8706513
8707302
8707471
8712864
8713206
8717141
8717682
8720014
8720292
8722424
8722758
8723541
8723992
8724482
7503338
8729326
8729337
8730185
8731213
8732897
4079357
8734614
8735087
8736264
7886499
8736916
8737610
8737802
8738408
8741720
8741820
8743182
8743408
8743440
7852939
8744206
8744812
8745095
8745115
8746141
8746453
8747401
8747885
8748545
6524094
5710015
8751051
8754359
8754692
8754960
711747
8756324
8757974
8758153
8761659
8761686
8763684
8764180
8764400
2717316
8765902
8765976
8767807
8771219
2991509
8772909
8774279
8774683
8776186
8776687
8777265
8779753
8782047
8787078
5183715
8792916
8795402
8795629
8796116
8796693
8796787
8797276
8797654
8799849
5245411
4693047
8802393
8803004
8806223
8809876
8810546
8810923
8811018
8811322
8811651
8812581
8813148
5709569
8814164
8815668
8815957
8815984
8819176
8819337
9561585
8821030
8822113
8823403
8824966
8825825
8828525
8828958
8832109
8832436
8832440
8834713
8835480
3447202
8836463
8836466
8837950
8838597
8324667
8839062
4830525
8841408
5200855
8842526
8842913
8844336
8844431
8502717
8847720
8847906
3828966
8849466
4319819
8851159
8851175
8851848
8854148
8855799
8856465
8856627
8857676
8858470
8858561
8858647
8137111
8859305
8859520
8859757
8860788
8861193
4901310
8862627
8864386
8865356
8865537
8866714
8867530
8869229
8870851
8871465
8871838
8872394
8876717
8877024
8877362
8878170
8878743
8883242
8884348
8885215
8887516
8888200
8888394
8888894
8889794
8890223
8890796
8900542
8901220
8902012
8150380
8903256
8904215
8904716
8905146
8906005
8907409
8908109
8908808
8908821
9601684
8915006
8917164
8917230
8918330
8919249
8919696
8921045
8922069
8924358
8925002
8926132
8530371
8927137
8927301
8928215
8928319
8928501
8929111
8929236
7483970
8930801
8930990
8931527
8931854
8932032
8454044
8933671
8934890
8935767
8936126
847922
8937333
8939986
8940269
8940948
8941116
1421107
8944758
8946031
8590334
8947036
8947257
8947398
8947767
8947794
8947844
8949469
8949494
8949858
8950712
8953010
8953565
8953815
8954554
8954934
8955228
72765
4667871
8958027
6408121
8959766
8960892
8962997
8963279
1908598
8963434
8963815
8965431
8967882
8968104
8968619
8970656
8971617
8971796
8478490
8973724
8973949
8977426
8977928
6833207
8979504
8979562
8848863
8980922
8981124
8981593
8926818
8982915
8983047
8983888
8984178
8987228
8987991
8989809
8991192
8991709
8992263
5787589
8997029
8997232
8998412
8999065
8999619
9002018
9002919
2369426
9004002
9004259
9006503
6722506
9011772
9012162
9012988
9013147
9017980
9019581
9020038
9020872
9021515
9022268
9022752
9024757
9026133
9026905
9027860
9028005
9029532
9032229
2768734
9032940
9034716
6352289
9039530
9041036
9041127
9041515
9042122
9045259
9047000
5871620
9049453
9050419
2740361
9052630
9054323
9054780
9055030
9060511
1534102
9063417
9063763
9065311
9066236
9066393
9070453
9070936
9072812
9075015
3125670
1414095
9080764
9081762
9083588
9087024
9087562
9088171
9090779
9095835
9097352
5865144
9100211
9101797
9102749
9104391
9108136
9114089
9118451
9060687
9120791
7516568
9121597
9122581
9122615
9122943
9123463
9123765
9124542
9125960
9126130
9127417
9128287
9129341
9129654
9130446
9130569
9131421
9132421
8755547
9137345
9137581
9138550
9140827
9141526
9141657
9142930
9143944
9144021
9144058
9145747
9145749
9148150
9149790
9150542
7139861
9151678
9151744
9152036
9152821
7477256
9155469
9155731
9156749
9157975
9159002
9159027
9160708
9163085
9163514
9164973
9165272
9165564
9165565
9165944
9169660
9170805
9171563
9172587
9172691
9172776
7483675
9173514
9173559
9174091
9176041
9177645
9177844
9178739
9181436
9184024
9184705
9185990
795407
9186607
9187026
6866870
9187410
9187714
9188263
9188741
9188893
9189683
6077285
9192892
9193179
9193293
9154034
9194658
9194863
9195146
3055887
9196352
9198909
9199353
9200678
9201448
5878943
9204028
9205226
9207747
9209712
9210179
9210475
9211390
9214188
8016039
9214898
9215377
9215895
2628049
7902898
733518
9221476
9223121
9223407
9225054
9225167
9227058
9227148
9227253
8078839
9227596
9228024
9228117
9228282
9233315
9234134
9235811
9235819
9236847
6988380
8141611
9239442
9240460
9241111
9243577
9244813
9245043
9245204
4906923
9247108
9247334
9641256
9249638
9250143
9250791
9250846
3848952
9251782
9251975
9075169
9255124
9259832
9260175
9260205
9260882
9260981
9262261
9262829
9265156
9265975
9265979
9267174
9267407
9267536
9267600
2738285
9274614
9278310
9281648
8229921
9283588
9283802
9283993
9285569
9286847
6118363
9289116
9289126
9289159
9292133
9293764
9295748
9296197
9297154
9297460
9297496
9297668
9298200
9302754
9304008
9304563
9305704
9921623
9306246
9306323
9307041
9308500
9309097
9309559
9309695
9309776
5727462
9312548
9313087
9313864
9314252
9314627
9315189
9315858
535331
9318341
9323513
9328700
9328969
9331691
9331811
9332035
9332576
9333786
9967010
9334517
9335179
9335583
6600488
2323160
9341761
3102720
9345182
9345317
5742306
9348699
9348848
9349168
9349352
9350272
5843230
9353054
9353164
9354921
3881042
9356022
9356192
9357404
9358699
9359705
9361983
9364296
3741851
9366240
7120455
9367080
1599690
9369400
9369696
9369777
9371959
9372124
9375396
9376436
9376495
9376648
9377619
9377686
9377886
9378208
9379461
9379618
9380021
9381705
432794
9382378
9382757
9383542
9385571
9386305
9386516
9386675
9388369
9388779
3268336
9390378
3177772
9391983
8454418
9394678
9395426
9395594
9395594
2993651
6705228
9398534
9401130
9403755
9404370
9404930
9407254
9407585
9408496
9410732
6570365
9410899
9410929
9411878
9414139
9415521
9415609
9416352
9418174
9419195
9421391
9422239
9423881
9424284
9425362
9425394
9425550
9426008
9426278
9426856
8251361
9429209
9429328
9430688
9431102
9432708
9433454
9433889
9434350
9434895
8625274
9436070
9436884
9438491
7813272
9439556
9441982
9442021
9442311
9443043
9443390
9443948
9444044
5196041
9445481
9446303
9449170
9449195
9449632
9449774
9450689
9451774
9453956
9456602
9456896
9457454
4971619
9459016
9459331
9459812
8419067
9462159
9462922
9465173
9465981
9466308
9467648
9468068
9468896
9469593
9470884
9472814
9474819
9475113
9476761
9478061
9481030
9481684
9482490
9484810
845854
9485930
9487415
9488312
9489675
9490090
9493503
9493588
9493957
9494373
2918344
9494789
9499969
9500805
9501825
9502789
9502905
9502949
9504054
9504076
9506202
9508175
9508495
9509041
9509428
9510381
9510438
9510870
9511400
9512173
9810755
9512533
9513317
8801909
9516529
9517498
9517829
9519285
9520243
9520385
1798557
9520506
9520792
9521782
9522237
9525250
9525787
9526637
9528725
9529831
9531140
9531359
9532700
6954630
9534513
9535325
9538732
9538783
9540887
9541462
3167882
8489911
9545347
9546644
9548958
6102165
9550703
9551516
4798039
8298221
9553541
9554235
9555216
9557361
9559175
9559206
9560175
9561185
9561393
3905760
8136269
9562957
9563766
9567853
9568048
2663529
920844
9573434
9573948
9574097
9870025
9576162
9578114
9578716
6620654
9580869
9581855
9582391
9582770
9584352
9585709
9585991
9586538
9586742
9586893
9589405
9590279
9790350
1990020
9593467
2736832
9595526
9597113
9598413
9598537
9599052
9601545
6039026
9601965
9602278
9603388
9605185
9607541
9607742
9607822
9608277
9609822
9610922
9568274
9613062
9613153
9615315
2270708
9620732
1517117
9621745
9623604
9625276
8972933
9627510
9268675
9628132
9629431
9629687
9629957
9631267
9631317
9632201
9633374
9633525
3350265
9637220
9637726
9638033
9638472
9638581
9638934
9639521
8844875
9639741
9248166
9641411
9641435
9642323
9643659
9644479
9645940
9646256
9646359
9647813
8309101
9650151
9651383
9651614
9652727
9653321
9653642
9655298
9655915
9658263
9660063
9661281
9663092
9663510
9665331
9665578
9666211
9667601
9667774
9668384
9669099
9670900
589198
9673230
9674817
9675325
9678247
9678488
9678510
9678813
9681219
9681617
9682730
9683148
9683852
9685486
9685789
9687924
9688315
9688381
771982
9692726
9699517
6044366
9703659
9704125
9704710
9705875
9706960
9707849
353125
9709332
9709551
9709735
9709804
9710905
9708710
9712034
9712542
9713126
6407656
9713290
6032030
1864955
9717742
9720547
9720712
9722913
9723932
9724404
9724542
9725148
9725339
9725711
9726026
9726221
9726589
9726866
1923626
9727896
9728476
9730722
9732632
9734984
9735198
9738311
9739310
9741265
9743231
9745214
2636415
6767685
9747440
9748611
7350910
9748836
9748974
9749307
9750461
9750662
2945962
9752640
9753022
9753992
9755300
9755473
9755628
9755987
9756333
9756559
9756664
9761160
2253350
9762558
9763352
9763533
9763852
9764462
9765190
9765698
9923910
9767626
9767756
7900211
9769580
9772690
9772784
9772907
9773710
9774768
2945754
9776506
9777085
9777596
9777901
9779444
9780075
5612370
9782315
9782457
7275495
9783268
9783832
9784084
9784234
9785967
9787262
9787269
9787364
9788865
2229590
9790628
9792340
9792830
8097821
3738129
9794298
9794330
9794341
9794691
3190505
9795134
9795433
9795880
9796585
9798974
9799368
9799817
9800724
9800737
7206147
9802177
5190083
9804332
3611284
9805062
9805105
4067848
9806706
9806817
9807354
9808987
9809836
2315950
9811973
9812306
7885417
3291944
9813719
9814022
3036278
9814725
9816525
9818522
9818605
9818856
9821388
9821784
9822024
9823234
8002057
9824140
9824426
9826415
9826582
9826861
9826965
9828980
9830492
9830955
9831424
9832099
9835682
8979646
9837471
9839810
9840459
9846151
9846936
9848220
9851781
9852387
9853575
9854219
9856459
9857767
9858058
9859406
9859543
9860472
311374
9864321
9864656
9864933
9867048
6237643
4662543
9870384
9870831
9870954
642618
9872615
8619639
9873410
9874130
7808985
9874626
9874859
9877629
9879561
405929
9881366
9886667
9887631
9888093
510806
9889268
9889675
9889768
9890496
9890568
9891314
9891607
9892213
9892596
9892767
9893915
9895704
9896592
9897244
9898931
9899424
9899693
9900531
1964426
9902194
9903035
9903526
9904202
9904267
7065952
9905645
9906001
9907365
9909189
7015011
9910466
9910670
9913362
9914721
8074742
9915275
9915476
9916525
182680
9918344
9918485
9920282
9920639
9921236
9306193
9766487
661612
6372552
9926480
9926557
9926601
9927092
9927799
9928683
8641574
9931272
9931621
9933819
9935709
9936336
9942147
9942263
9942842
9944316
9944482
9946289
9946828
9946900
9947646
9948067
9950728
9952368
9952710
9953564
9872996
9953924
9954742
9955221
9959014
9959196
9959209
9960769
9960929
9961312
9961367
9961487
9961622
9961651
9961879
9962573
9964229
7189840
9334309
9968181
5473124
9968613
9969779
9972696
9973262
9973793
9973842
9979155
9980944
9984908
8600433
9986326
9988789
9990107
9990581
3873483
9993502
9995728
9997917
9999848
