1000
9334
30630
38071
40666
41019
50030
54157
78183
102545
107010
125314
137099
153029
164773
186061
212056
214078
224481
224673
249700
260234
264058
269551
290046
305725
317899
346152
348377
355552
364720
366933
371178
381238
389106
390414
401812
402266
415459
416230
418569
449150
470243
508407
509172
519950
520345
530124
530130
538218
539297
547981
557031
558270
565367
568608
585445
592517
600642
601147
622169
626575
632447
642578
644211
659815
681148
682184
683571
688983
716663
728714
729429
729694
744112
748143
758414
767494
772585
776764
789523
797747
804782
849557
852422
855044
855792
859384
873565
877468
878616
901560
907732
937752
953304
959032
979941
981478
991415
995129
1003788
1008163
1014328
1019730
1023165
1026993
1037984
1053608
1063467
1065856
1072302
1120063
1124647
1140340
1149663
1165434
1170270
1191602
1251344
1282988
1297337
1303935
1308562
1314404
1323397
1350323
1361133
1361171
1382711
1383310
1384026
1399287
1402435
1406687
1410477
1415177
1432422
1439917
1442511
1443968
1472484
1481204
1497003
1509818
1526844
1529764
1531701
1535157
1539300
1551964
1556722
1558091
1587986
1589477
1590444
1598355
1605504
1623211
1636402
1642735
1647810
1654946
1670860
1688501
1696784
1701255
1706473
1726292
1733207
1745109
1748744
1750118
1751000
1751153
1752251
1756200
1768530
1790433
1815871
1850752
1850912
1851723
1854460
1887361
1906363
1913845
1914052
1915757
1938735
1941056
1948480
1954887
1965505
1965729
1985820
2022012
2025804
2035088
2039482
2041329
2042612
2043654
2065565
2071261
2077119
2097593
2101584
2102067
2126877
2133639
2138098
2140138
2173302
2178958
2180923
2190952
2191844
2193348
2196632
2209292
2213730
2248009
2255385
2260490
2273577
2308498
2310592
2320655
2327392
2329753
2357448
2359022
2363917
2365362
2369539
2409052
2409686
2435317
2440655
2441559
2449451
2450548
2473905
2477850
2482259
2482449
2500540
2505045
2510998
2514253
2516198
2519149
2534495
2544640
2544826
2546481
2561291
2608896
2612882
2623725
2641733
2647105
2652670
2666314
2672091
2679344
2698556
2704562
2711650
2714247
2718459
2737454
2750178
2754320
2762028
2766771
2785902
2798173
2798360
2827801
2836285
2840533
2885732
2925409
2925940
2938791
2951329
2969109
2981900
2987703
2989445
2993746
2993872
2999920
3013406
3024338
3045321
3046619
3050589
3054700
3060582
3065616
3072219
3081979
3100881
3107310
3110328
3115691
3153330
3158367
3173009
3179452
3191436
3198400
3204673
3205884
3210589
3217764
3222967
3225863
3226916
3233445
3234206
3247451
3251382
3251583
3251723
3251957
3254863
3257510
3277277
3285570
3290235
3316475
3320223
3321760
3329631
3341086
3362924
3363276
3384291
3390368
3394469
3407926
3409739
3422414
3437229
3443571
3444500
3447776
3452269
3452535
3476462
3478507
3486815
3496472
3502600
3507220
3510014
3518956
3528878
3534072
3541120
3556463
3572811
3592856
3594549
3605455
3694059
3694799
3695910
3727540
3731077
3739168
3739603
3740048
3743753
3756779
3761084
3770836
3776478
3822749
3823683
3829438
3831428
3849770
3869107
3877046
3919928
3924308
3927652
3934389
3940207
3945674
3992769
3997728
4000043
4020281
4030136
4036315
4042805
4043515
4053707
4067859
4085964
4095459
4111248
4118693
4127825
4134676
4138889
4173015
4174154
4175242
4191592
4199793
4254782
4281165
4316657
4328391
4347024
4351323
4363135
4363279
4373894
4380754
4405631
4405853
4412125
4421198
4424662
4435047
4461677
4462022
4465403
4465614
4465899
4480212
4493232
4500458
4501397
4512607
4518103
4529992
4541380
4550486
4551031
4553849
4573165
4573922
4605027
4608745
4611798
4618351
4630719
4635945
4643496
4650240
4652341
4665404
4676676
4679790
4680385
4695582
4701729
4707511
4712640
4723500
4727729
4740596
4743611
4745106
4760394
4774511
4793326
4795561
4818480
4825599
4834791
4843020
4844720
4853916
4858227
4859165
4892016
4914896
4914984
4917201
4923228
4950238
4957880
4970032
4984548
5005369
5016991
5041772
5051566
5072305
5073199
5093107
5096122
5098741
5106791
5111555
5112521
5116746
5118174
5120700
5123151
5126736
5145721
5161465
5163006
5166100
5174115
5182334
5190332
5192178
5195085
5195363
5205077
5205242
5212376
5246458
5274170
5283500
5297220
5309276
5337631
5338661
5340928
5346993
5352612
5375127
5386718
5391014
5394322
5394567
5423144
5427690
5433581
5433866
5450131
5459326
5460049
5461126
5461579
5463620
5496831
5501937
5504743
5529079
5534003
5547384
5551146
5561959
5573510
5585413
5603941
5632063
5645029
5647880
5653924
5654755
5673938
5674215
5687395
5702123
5705727
5714269
5716898
5731379
5753794
5755207
5762557
5783565
5792068
5798544
5799057
5814182
5815654
5826236
5834711
5868013
5877398
5899942
5904403
5911804
5911834
5914312
5914894
5920345
5975793
5987381
5992406
5998994
6017017
6034460
6052469
6053535
6054754
6064552
6068594
6072256
6087996
6088060
6103279
6117731
6132448
6153301
6161249
6171572
6184521
6191823
6201392
6211922
6212368
6246586
6256072
6284854
6287583
6323393
6324287
6324529
6334037
6335998
6341027
6344723
6358288
6368200
6381300
6399178
6401274
6402419
6404388
6413174
6428716
6433643
6441392
6444660
6450989
6487091
6490020
6491466
6495502
6529900
6554559
6560861
6594732
6605131
6608000
6616482
6616719
6627189
6635133
6638015
6643940
6646022
6676429
6687033
6689794
6704186
6707275
6720401
6720842
6729145
6763236
6765153
6776705
6788877
6797382
6801671
6804753
6805494
6805655
6827203
6836770
6840825
6844808
6848256
6864386
6873566
6878280
6888713
6900814
6911936
6915788
6921040
6924644
6925516
6931993
6942409
6950253
6959133
6982533
7003738
7009913
7019465
7019816
7027816
7028810
7031187
7033724
7056698
7056774
7064581
7078575
7082126
7093347
7100980
7105103
7110020
7123880
7130414
7149454
7159522
7166226
7168279
7173260
7179371
7188536
7189214
7223044
7231405
7241401
7248786
7254384
7260185
7269853
7272427
7280645
7282158
7298891
7299151
7304827
7305836
7326702
7328851
7370375
7379855
7395855
7405666
7413981
7415336
7430933
7445548
7447560
7449557
7461636
7464522
7481754
7489501
7493353
7497872
7503039
7505571
7516791
7519995
7598011
7647092
7650103
7651027
7674925
7675407
7686943
7714238
7723177
7737172
7760606
7768311
7768791
7771349
7775514
7779922
7782221
7789789
7812626
7840981
7841719
7848464
7851390
7854400
7857916
7862916
7871214
7873267
7881313
7894979
7904334
7916471
7929711
7943706
7950917
7975300
7984780
7985634
7997480
8004954
8034170
8073534
8077961
8087699
8093501
8094440
8096403
8099189
8103022
8134757
8152675
8168807
8169037
8171113
8186495
8203890
8205422
8213357
8218179
8220964
8240562
8259221
8260039
8271704
8272324
8294225
8300791
8307669
8313772
8317849
8326816
8329903
8338978
8347949
8353184
8369784
8371493
8377667
8386861
8400621
8404905
8406920
8417063
8419429
8466575
8467449
8470968
8471840
8472686
8477512
8479771
8489745
8500440
8503296
8520469
8521170
8528864
8530401
8531759
8532886
8562659
8568509
8571304
8587153
8598729
8638433
8651259
8666926
8677469
8680356
8680585
8700070
8701155
8709709
8714065
8718856
8729809
8732878
8763740
8785841
8806147
8809258
8815772
8818297
8820323
8830072
8832404
8836999
8849694
8857707
8862659
8874053
8879221
8883721
8895751
8901365
8908073
8911876
8912796
8918898
8929725
8946957
8949602
8954797
8984262
8985048
8988464
8990927
9020899
9025732
9028953
9029672
9034790
9035617
9045699
9079217
9087290
9093271
9099585
9099717
9123394
9152459
9164820
9177212
9179831
9188559
9199217
9222140
9225994
9226776
9227661
9227743
9247451
9255962
9257519
9268580
9294201
9295051
9300482
9303290
9312355
9322173
9324478
9332049
9337038
9344479
9351871
9353431
9370747
9409109
9421109
9450036
9465108
9485986
9494544
9502139
9506303
9515780
9523500
9533642
9534578
9534918
9537828
9558181
9561308
9561697
9563660
9588194
9593328
9609074
9624223
9626576
9632472
9637475
9649364
9651541
9655522
9694462
9730390
9737981
9748810
9751160
9769553
9789577
9792738
9793468
9797855
9806070
9825090
9832654
9834971
9847404
9861368
9865211
9870080
9871147
9910068
9915328
9943975
9967937
9980760
9983769
9997322
