1000
748143
9123394
4512607
9534578
3924308
164773
1415177
9561308
9515780
9649364
9025732
2025804
9020899
2190952
2310592
601147
859384
5459326
7461636
7445548
2612882
186061
6836770
9967937
8562659
4695582
305725
1688501
1965505
520345
2138098
9332049
7841719
125314
9295051
8400621
1120063
2482259
102545
729429
3060582
4493232
4573922
4030136
6931993
9494544
7985634
1297337
7916471
1410477
3247451
8260039
3740048
6900814
4042805
8300791
8531759
6284854
6246586
8908073
1623211
4480212
6064552
5561959
1432422
5585413
3695910
8419429
3045321
1551964
4652341
2951329
8353184
9806070
9300482
2101584
7166226
8326816
8466575
7714238
3739168
4175242
4701729
7304827
4611798
5460049
8832404
6441392
366933
1605504
5394567
2039482
1383310
530130
4743611
3486815
3100881
3727540
8073534
1654946
9626576
5987381
1072302
3444500
7326702
3594549
2561291
4853916
9637475
959032
5163006
4608745
2925409
1191602
7598011
4500458
5632063
7370375
1750118
6720401
3776478
9980760
6801671
9558181
9593328
7130414
7686943
6797382
4465403
1733207
7033724
4461677
547981
9227661
41019
402266
6616719
7873267
5337631
5161465
7481754
5461126
5792068
7056774
9792738
7280645
2022012
2969109
1913845
7943706
7447560
9730390
772585
4844720
1914052
1124647
4373894
7840981
6161249
9334
2077119
4053707
3877046
3443571
3407926
7775514
8815772
8879221
1406687
4859165
7489501
8004954
9793468
8929725
6616482
5603941
8849694
2193348
557031
7299151
224673
7179371
5338661
4553849
3849770
7894979
4118693
3496472
8857707
3081979
6720842
797747
4405631
6191823
7082126
8806147
5126736
8785841
6924644
7064581
776764
3072219
5346993
4085964
681148
5705727
6433643
38071
9079217
8532886
5427690
7093347
5501937
728714
3823683
6925516
355552
1323397
8186495
5111555
6201392
8371493
4405853
7019816
4191592
4727729
8598729
991415
8034170
3605455
8911876
626575
5195085
2993746
9034790
415459
5899942
2925940
7516791
2260490
5375127
3205884
2180923
4665404
3204673
6888713
716663
3225863
6341027
4281165
8096403
7854400
8294225
4914896
390414
4917201
2308498
2327392
5352612
6873566
7768791
3065616
5386718
9035617
1037984
7848464
6950253
1756200
6487091
8479771
1558091
2178958
4173015
8406920
3226916
6864386
855792
4518103
6399178
9465108
40666
107010
1472484
137099
7771349
9093271
6401274
2762028
3179452
8087699
3158367
3054700
5877398
5205077
5826236
1850752
346152
9164820
2500540
8338978
418569
5051566
4174154
3534072
2519149
659815
6844808
2043654
8171113
5212376
7782221
8830072
5120700
2672091
1350323
2035088
5205242
6704186
2133639
3046619
2365362
9506303
5192178
2938791
7100980
6848256
3770836
6068594
6982533
1053608
7031187
9502139
5496831
5911834
6529900
1008163
212056
2102067
364720
6171572
1701255
2213730
4950238
4363135
8568509
1850912
6788877
6088060
7110020
5182334
8218179
2514253
6344723
995129
2798360
6324287
1526844
50030
849557
5504743
1954887
9337038
5093107
8571304
2546481
1529764
6805494
1790433
6627189
9943975
9523500
54157
8732878
519950
8470968
7881313
1815871
9825090
8651259
3321760
4914984
4630719
6676429
4435047
6959133
4892016
3254863
3233445
3257510
7282158
901560
3934389
3329631
8714065
7674925
1906363
6450989
4676676
7650103
8503296
8077961
4529992
9871147
508407
6034460
3447776
688983
5529079
2273577
8152675
3390368
8729809
3363276
5534003
5112521
3285570
2785902
8949602
9769553
9751160
558270
4095459
6017017
317899
1481204
7405666
6827203
1140340
5005369
5551146
6942409
8984262
5118174
2989445
2714247
6211922
8169037
78183
3822749
3731077
5998994
2750178
6608000
6402419
7929711
2987703
2534495
3217764
1282988
6495502
2329753
1915757
2679344
3919928
5463620
2505045
7723177
4843020
3756779
2450548
1941056
7105103
4351323
8809258
2320655
632447
7779922
3502600
5073199
8203890
642578
1647810
744112
6687033
6428716
9226776
1014328
6805655
1170270
1308562
789523
30630
2196632
4380754
3437229
8680356
5653924
5673938
539297
6335998
4818480
5798544
7272427
937752
1384026
1531701
5868013
5190332
8417063
6287583
8168807
1642735
7415336
3869107
1748744
7519995
5914894
3251382
1251344
5714269
6334037
2409686
1589477
9099717
8240562
9225994
644211
8587153
6915788
3251957
7651027
5920345
5283500
9450036
7019465
4000043
9588194
3320223
2718459
8205422
7464522
7812626
5072305
9409109
3362924
8883721
538218
9255962
568608
6153301
2209292
8818297
1026993
1535157
3556463
9624223
9832654
4680385
4957880
7505571
7028810
2140138
9353431
7862916
1023165
1751000
4043515
4111248
683571
9099585
1854460
8489745
8271704
2516198
9188559
1752251
9028953
9294201
907732
6689794
3739603
8386861
7997480
2698556
3743753
7395855
3013406
1745109
9737981
3290235
9870080
4421198
9533642
4328391
9179831
8677469
5309276
8471840
6132448
2255385
2409052
4551031
2041329
4465614
6052469
348377
5814182
7168279
6776705
5391014
3831428
2510998
9847404
6804753
7950917
3198400
6103279
3528878
3452535
9322173
8954797
8895751
7871214
7497872
5731379
3173009
5174115
5246458
8094440
2191844
5433866
3234206
6413174
2042612
8988464
6638015
4643496
2666314
7675407
8377667
416230
9561697
8912796
8528864
758414
1598355
6707275
249700
7298891
3316475
8521170
7760606
2071261
6491466
1587986
9268580
5687395
5992406
3541120
7189214
6323393
8700070
5904403
153029
4970032
4740596
8946957
6635133
7503039
9485986
7449557
8272324
8530401
7857916
7241401
5834711
8259221
3945674
6729145
509172
3115691
6605131
2126877
6765153
9045699
1165434
2737454
2359022
5450131
8718856
7328851
6646022
4745106
8520469
9029672
2482449
7493353
9655522
7056698
6117731
8709709
6184521
1851723
1019730
1399287
4793326
4134676
3277277
5116746
3384291
3452269
264058
1382711
5145721
2477850
3572811
8347949
8763740
3251723
600642
2623725
4462022
449150
4825599
1696784
7003738
5423144
5753794
855044
1948480
2065565
5716898
8820323
5975793
6911936
1361133
3761084
5123151
3507220
4138889
5274170
4067859
3107310
4712640
1636402
3694799
9910068
224481
1590444
2248009
3829438
1003788
1303935
8404905
6594732
3478507
4723500
5755207
877468
2766771
8220964
2711650
4774511
1887361
4573165
3518956
4707511
5702123
269551
9247451
9152459
3997728
2885732
8500440
4424662
8985048
9534918
2840533
4679790
9797855
2608896
4316657
4501397
8990927
8093501
7223044
6053535
1509818
290046
8680585
9632472
5340928
3024338
9351871
9694462
2441559
7188536
9087290
9834971
2652670
3409739
7078575
5166100
1985820
9344479
2544826
1670860
6087996
3992769
8862659
7231405
470243
9865211
9651541
3110328
3251583
6381300
2097593
2473905
4199793
9177212
7647092
530124
4412125
7789789
9997322
981478
8134757
2173302
1938735
1439917
3394469
8213357
4650240
9421109
3222967
804782
8472686
6921040
878616
9324478
2798173
6490020
3210589
7248786
585445
7254384
2369539
9789577
5654755
5297220
622169
1556722
6368200
7305836
2999920
5041772
1149663
9748810
729694
7768311
2836285
8307669
9563660
5647880
4541380
5914312
8701155
260234
7413981
5547384
9537828
214078
4127825
8103022
9983769
1065856
6212368
1314404
6560861
6554559
565367
1402435
953304
4635945
7260185
8901365
2993872
9370747
4858227
2704562
8467449
5762557
6054754
7379855
2440655
3341086
7269853
3927652
9222140
5433581
6256072
8329903
6444660
7123880
3940207
1361171
5573510
5195363
4834791
9199217
4550486
9257519
8638433
4923228
5911804
5098741
7904334
2754320
8874053
3592856
4760394
8313772
3153330
2357448
8099189
1063467
5394322
7009913
8666926
4605027
7975300
5783565
5674215
1768530
6324529
1706473
4254782
8836999
5815654
381238
682184
7027816
4465899
3050589
1443968
9303290
3422414
5645029
2544640
6404388
9312355
4795561
592517
4347024
2647105
3191436
5461579
1539300
1965729
2981900
9915328
2449451
8477512
4984548
7149454
4020281
979941
7851390
8369784
5799057
9227743
2641733
852422
9609074
7984780
5096122
7430933
1751153
6358288
6840825
4363279
4618351
2827801
1442511
6072256
7173260
767494
3694059
7737172
3510014
5106791
2363917
6878280
401812
1497003
2435317
5016991
8317849
1726292
371178
9861368
7159522
3476462
6643940
873565
6763236
389106
8918898
4036315
