1000
0
0
0
0
0
0
0
0
0
0
55
0
2
1
1
1
1
2
71
2
1
2
2
2
3
3
3
3
3
3
3
3
3
4
4
16
4
4
4
4
5
5
5
5
5
5
5
5
5
5
5
5
6
6
6
6
6
6
7
7
7
7
7
7
7
7
7
7
7
82
62
8
8
8
8
8
8
8
34
8
33
21
8
8
8
8
8
8
97
9
36
9
9
30
9
9
9
10
10
10
82
10
10
10
87
10
10
10
11
35
68
11
11
11
11
11
11
11
11
11
62
12
12
12
12
12
12
12
12
12
85
13
13
13
13
13
13
13
13
13
34
13
14
14
14
14
14
14
14
14
14
14
14
14
15
15
30
15
15
15
25
15
15
15
15
15
15
15
57
49
22
15
16
16
16
16
16
16
16
16
54
16
16
17
17
17
17
17
17
17
43
17
17
17
17
17
57
18
18
18
18
18
18
18
18
18
28
18
18
18
95
83
4
19
19
82
19
19
37
19
26
20
20
20
20
20
20
20
21
21
8
21
21
21
21
22
15
22
22
22
39
22
12
22
22
22
94
22
22
22
95
23
23
23
23
23
23
23
23
23
23
24
24
24
24
24
24
24
24
24
71
24
24
24
24
25
25
25
25
77
11
26
26
26
26
26
26
26
26
26
92
26
19
26
26
47
27
27
27
27
27
27
27
74
27
27
27
27
27
27
18
28
28
28
28
28
29
29
29
10
29
29
29
29
29
29
30
30
30
30
78
30
30
30
30
30
30
30
30
30
15
30
30
31
31
31
31
31
31
31
31
31
32
32
32
32
32
32
32
70
33
33
33
33
33
33
33
34
34
34
8
34
34
13
34
34
19
35
35
35
11
35
19
35
35
35
35
35
35
35
35
35
19
36
36
36
36
36
36
36
74
36
36
99
36
36
36
36
99
37
19
37
37
37
37
37
37
37
37
38
38
38
38
38
38
38
38
38
38
38
55
88
39
39
39
39
39
39
22
39
81
39
39
39
26
39
39
39
40
40
68
40
41
41
41
41
41
41
19
42
68
42
15
42
42
42
43
43
43
17
60
44
44
44
44
44
44
44
44
44
98
45
45
45
45
45
45
45
9
45
68
39
46
46
46
46
46
46
46
46
59
8
46
46
47
10
47
47
42
47
26
47
47
47
47
47
47
47
48
48
48
48
48
48
48
48
49
17
49
49
59
50
50
50
9
50
50
50
50
51
51
51
51
51
51
51
52
52
52
52
96
52
52
52
53
53
53
53
53
53
53
53
53
53
53
54
8
54
54
54
54
54
54
35
55
55
80
55
55
38
55
55
56
56
56
56
56
56
56
56
67
56
56
56
56
56
57
57
57
57
15
57
57
57
57
57
57
57
57
57
49
57
58
58
58
58
58
58
58
58
59
59
47
59
59
50
59
46
59
60
64
60
60
60
60
60
60
43
61
61
61
61
46
62
62
62
62
52
62
62
26
63
63
63
63
63
63
63
64
64
60
64
64
64
64
65
65
65
65
65
89
65
65
62
65
65
65
65
66
66
66
66
66
42
15
66
56
67
67
67
95
40
68
11
68
68
68
68
45
69
78
69
69
69
69
69
69
70
70
70
54
70
70
70
71
71
24
71
71
71
85
71
71
71
71
72
72
72
72
72
72
72
72
72
72
72
73
73
73
73
73
73
73
73
73
74
74
74
74
36
99
74
74
74
74
75
75
75
75
75
75
75
75
75
75
76
76
76
76
76
87
76
76
76
65
77
77
77
77
77
66
78
78
78
59
69
78
78
79
79
65
79
79
80
80
80
80
80
80
80
0
80
80
80
80
80
80
80
80
81
82
81
81
81
81
81
81
82
82
82
7
82
82
82
82
47
82
82
46
82
41
82
82
83
83
83
83
83
83
83
35
83
83
84
84
84
84
9
84
84
89
85
22
85
85
85
85
2
85
85
86
86
86
86
29
86
86
86
86
86
86
87
87
87
87
39
87
87
87
87
38
88
88
88
88
88
66
88
88
77
89
89
89
89
89
84
90
90
90
90
90
90
90
90
90
91
91
91
91
91
91
91
76
92
92
92
92
92
92
92
93
93
93
93
93
93
93
93
93
93
93
93
93
94
94
94
94
94
94
94
22
94
94
95
35
95
95
95
23
95
88
95
95
96
96
96
79
96
96
97
97
97
97
97
97
97
97
97
97
97
84
97
98
44
98
98
98
98
98
98
45
27
99
99
99
99
99
99
99
99
36
99
100
100
100
100
100
100
100
100
