100
9999333
9904799
9778770
9668903
9560767
9539912
9502175
9436171
9129472
8869875
8865384
8851173
8805056
8780880
8731373
8714959
8676510
8589210
8475106
8327658
8201040
8198557
8176939
8095882
7975420
7956574
7845525
7810118
7658916
7297538
7239489
7189520
7177748
7164251
7004519
6995569
6980530
6789137
6632940
6465979
6361456
6342806
6297479
6273334
6234499
6052050
5838242
5420828
5165977
5101100
5076427
5057297
5031776
4820434
4698058
4584584
4465884
4206608
4092804
4019847
3998545
3740603
3655177
3645133
3546984
3516642
3437219
3411145
3284209
3271117
3051217
2950659
2622007
2567116
2414756
2348631
2343103
2325694
2306495
2294469
2071775
2057250
2053037
1682082
1678702
1588404
1479695
1240115
1224956
890876
808883
684183
557287
543121
536016
484749
299285
187813
141135
38292
