100
38292
141135
187813
299285
484749
536016
543121
557287
684183
808883
890876
1224956
1240115
1479695
1588404
1678702
1682082
2053037
2057250
2071775
2294469
2306495
2325694
2343103
2348631
2414756
2567116
2622007
2950659
3051217
3271117
3284209
3411145
3437219
3516642
3546984
3645133
3655177
3740603
3998545
4019847
4092804
4206608
4465884
4584584
4698058
4820434
5031776
5057297
5076427
5101100
5165977
5420828
5838242
6052050
6234499
6273334
6297479
6342806
6361456
6465979
6632940
6789137
6980530
6995569
7004519
7164251
7177748
7189520
7239489
7297538
7658916
7810118
7845525
7956574
7975420
8095882
8176939
8198557
8201040
8327658
8475106
8589210
8676510
8714959
8731373
8780880
8805056
8851173
8865384
8869875
9129472
9436171
9502175
9539912
9560767
9668903
9778770
9904799
9999333
