100
6632940
2343103
8805056
8589210
7658916
890876
3546984
5057297
6361456
543121
2071775
5420828
6789137
9129472
1678702
9502175
7239489
4820434
4019847
8851173
6465979
7164251
8475106
6297479
484749
3437219
8201040
299285
1682082
2053037
7975420
9436171
8865384
4584584
8095882
4698058
2414756
684183
8714959
7956574
7810118
1479695
5838242
4465884
2294469
9999333
8780880
2325694
7297538
5101100
3516642
38292
2950659
9560767
187813
6273334
8198557
3051217
3411145
7845525
536016
3655177
9904799
8869875
3271117
9778770
4092804
1588404
2057250
1224956
7004519
3998545
8731373
3740603
6342806
6234499
6052050
9668903
2306495
3284209
4206608
2622007
6980530
3645133
2567116
808883
5076427
9539912
141135
1240115
557287
6995569
8176939
8327658
2348631
7177748
5031776
5165977
7189520
8676510
