500
19
48
72
83
4
0
24
49
63
70
45
55
54
69
85
20
21
81
32
33
77
40
11
81
91
72
40
28
22
20
33
94
71
7
21
92
14
97
29
41
45
73
64
23
7
32
25
68
19
66
96
91
77
59
0
19
26
12
42
60
85
6
18
66
94
34
66
50
22
56
61
91
38
4
9
87
88
39
1
67
59
61
19
61
40
65
16
27
44
29
9
34
36
88
52
40
75
11
76
20
2
35
70
26
38
27
18
22
81
38
3
97
34
14
12
11
66
1
3
65
32
99
49
80
65
69
87
84
6
75
42
9
58
53
78
42
76
92
90
36
5
71
41
55
7
76
49
22
52
2
48
92
95
8
16
53
54
76
28
9
53
27
25
40
96
1
90
40
98
60
57
7
75
72
36
31
79
7
70
55
77
29
18
92
6
60
58
17
7
91
55
58
80
8
46
41
5
75
20
14
22
66
53
84
66
98
81
4
13
25
1
8
20
70
63
12
75
21
81
26
65
6
97
35
2
20
82
36
94
60
28
44
84
90
48
25
17
88
87
67
63
66
90
2
95
59
41
63
20
79
60
27
7
55
96
55
48
36
29
87
82
92
94
83
34
25
93
39
17
74
16
46
58
19
81
82
74
61
43
31
15
45
28
78
12
97
86
35
37
5
40
15
51
43
40
88
57
78
81
68
32
88
73
97
16
97
31
30
23
35
32
21
34
82
7
58
46
33
46
90
30
54
10
36
1
70
43
62
55
9
82
94
27
7
70
69
50
38
30
98
6
4
29
8
94
83
68
27
66
71
53
18
45
88
61
16
8
25
21
0
99
41
11
39
32
15
14
78
47
81
55
93
93
85
18
56
49
86
88
0
91
68
6
76
86
26
78
92
56
89
57
94
80
70
19
23
13
6
7
24
89
95
28
85
57
41
19
13
38
68
90
55
33
19
29
87
10
35
46
39
53
0
96
2
73
80
34
31
52
89
93
49
91
71
0
13
26
89
54
43
17
76
9
83
40
54
10
83
45
38
15
5
68
48
51
35
54
25
42
49
89
57
54
82
81
16
35
95
78
41
11
97
82
2
17
37
71
0
36
58
26
27
99
0
86
36
39
69
91
34
4
5
61
60
60
17
83
25
67
85
