500
3111719
6061148
6075472
3261783
1481504
4371500
8167324
4056549
838163
1097570
226345
4359455
7207054
2072569
1059385
3780920
3905921
6749481
7851032
9379733
4407677
5123140
6520411
5448081
9934591
5512872
2083240
8759528
2745322
905220
5845433
2665294
3922871
861507
6093621
4839492
2872814
4759997
9734729
2696041
3296945
9549573
9120064
9395423
3592707
9436632
1487525
8940068
6189119
8361866
6240296
4202391
7941077
3453759
1226200
7573219
4716426
3758912
9558842
8370660
100585
1784406
7499318
6758366
601294
6959334
4569466
2538150
6574422
1561356
6228061
9484191
1376238
5502704
975909
7716587
3398688
5266839
9759701
7163467
939459
2643261
2499019
2761261
227840
5319965
357516
3406827
7814144
915629
1433009
5668234
8194436
2200088
4498952
1944640
9615975
4541411
2270076
1349620
3417402
9837235
5435470
2317026
5812338
2529627
5756318
6972622
5946881
431938
9545003
6770697
3436234
4302014
7630212
7179511
6943166
4086201
6174303
1730865
9589732
1093799
9365749
5259080
4895565
4253169
5135587
4113984
7886206
5832575
4256042
4674409
9914258
5853253
1363678
3142742
8061776
3914692
192990
4098836
9829505
6205071
8848641
1731555
8714407
4092276
9392049
7982622
889752
15002
5026548
2996292
9487895
2070408
9121416
4713753
7397954
5257176
469328
2675309
9480153
5417127
1767825
9828540
6308296
328901
7283990
812140
3041298
1491560
3459357
2073007
5962675
1727472
5600336
3050331
102879
6782507
5086770
8137755
9471877
2597929
1675118
9703792
8585906
3644060
5563258
6200117
4548207
6320891
3019155
2461558
2071480
3367608
4066946
2497341
9050205
6481075
1337620
422914
4976722
9432266
4857653
3982984
4860966
3558598
9372981
7371904
2839113
3753825
6612701
4091708
9587720
6362670
5412563
1596412
8483475
5064821
5439781
4713826
8060265
7222806
20497
4402435
6365602
706020
3072082
7930336
8257394
2365860
7127728
9574644
4946984
3552190
3873948
2416025
8220217
387488
9313987
8104167
4914163
8082066
8044390
3785302
377195
9648959
6215341
8905463
1378820
8593979
6380860
5713627
4228007
2758255
8056396
210055
5596648
5004336
6440429
6383387
1909382
9234992
6575894
9066083
4550734
4626225
2850593
8910139
3432617
2395874
8322516
2626446
5463158
2081419
1541581
2222282
9023774
3035861
9117543
61731
5863315
9314045
421928
2222378
4926312
1886997
2887186
2021135
3922237
6437205
2183640
5538815
7970151
5260343
2398340
3583688
9413257
473278
4390581
6096868
1228732
1608588
802173
9206197
281016
2436597
4401331
7155430
6368023
2817635
1337232
2312621
6707834
5645482
1772707
8018758
6668546
8187533
1678546
6144790
2227630
7869054
7298710
9249736
5247301
8484870
8115543
7272262
3822755
8551009
5696582
7708494
1870727
8995807
8796070
552269
2828850
3475538
7324030
695198
5294506
2728304
1419429
5963108
6014594
7308683
9674968
65627
7405166
8286171
7103653
5250518
5285345
9447088
2795361
6933916
7097208
8304825
9629321
573900
9877799
1653241
1317611
2619139
8806832
4635515
7126514
3232278
827947
6678881
6300055
9577993
7216493
544285
7986518
2124956
4564449
124986
7477588
3891300
5136091
235668
5542206
2320976
9985786
1307326
6034678
1621692
690256
34089
9209357
4950094
1193780
3087570
2221819
7991623
9864713
1749306
4627507
5131324
8559989
6316795
2834728
1398085
6839457
6748241
430419
3281013
9963538
2057568
450090
3677755
4561033
1933919
7429929
8934287
22210
2795535
5323046
3743039
7544353
4103100
6243596
2611602
3261673
243780
2535834
3281431
6040952
3130589
3422993
475749
1080991
7080271
2178600
8326913
7916226
4010289
6857054
347243
9314917
3474476
1247709
8205983
8470740
6264654
8747610
1795983
4513645
1454938
30515
9478005
2034068
7609148
8821351
5189835
3829454
3905925
3396642
4376449
5543589
7823457
4279354
5226882
4828781
6091816
6916835
2228795
3083478
3784441
1784611
2164597
292582
2140002
4666017
9940937
5453071
9863300
4762236
8968758
3358726
7823927
3521599
737100
6088886
2312236
2495539
7388569
8515591
5663234
6145904
7056605
8318161
2559360
9554160
5175217
8358483
2632725
4291267
8090385
