-9.92743e+07
-9.74628e+07
-8.83034e+07
-8.72175e+07
-8.43304e+07
-8.26577e+07
-8.11581e+07
-7.94253e+07
-7.8127e+07
-7.75311e+07
-7.43578e+07
-7.31815e+07
-7.26365e+07
-7.012e+07
-6.90516e+07
-6.75777e+07
-6.59372e+07
-6.55884e+07
-6.55162e+07
-6.51299e+07
-6.40118e+07
-6.32516e+07
-6.27228e+07
-5.78818e+07
-5.74535e+07
-5.05507e+07
-4.90186e+07
-4.85451e+07
-4.75989e+07
-4.69584e+07
-4.65965e+07
-4.40673e+07
-4.28394e+07
-4.2752e+07
-4.272e+07
-3.96896e+07
-3.84076e+07
-3.76755e+07
-3.68624e+07
-3.61114e+07
-3.59017e+07
-3.49189e+07
-3.44169e+07
-3.32921e+07
-3.24099e+07
-3.08781e+07
-2.463e+07
-2.24394e+07
-1.85181e+07
-1.84925e+07
-1.7478e+07
-1.35579e+07
-5.8152e+06
-4.42685e+06
-3.46871e+06
-3.24158e+06
-1.67306e+06
-107947
746755
1.0406e+06
2.54693e+06
3.34233e+06
4.96039e+06
1.13938e+07
1.17847e+07
1.19112e+07
1.43048e+07
2.06906e+07
2.14226e+07
2.38212e+07
2.44463e+07
2.54871e+07
3.07258e+07
3.37949e+07
3.46863e+07
3.51713e+07
3.67754e+07
3.83707e+07
3.97094e+07
4.23935e+07
4.74788e+07
5.05537e+07
5.15769e+07
6.18342e+07
6.35192e+07
6.66577e+07
6.84431e+07
7.20875e+07
7.23341e+07
7.29747e+07
7.40004e+07
7.72643e+07
7.77042e+07
7.7968e+07
8.15648e+07
8.21752e+07
8.3342e+07
8.51143e+07
9.04156e+07
9.21297e+07
