double
1000
-9.98644e+07
-9.98199e+07
-9.97457e+07
-9.95938e+07
-9.95815e+07
-9.92928e+07
-9.91761e+07
-9.82969e+07
-9.82474e+07
-9.80915e+07
-9.7995e+07
-9.78063e+07
-9.75483e+07
-9.75155e+07
-9.73964e+07
-9.73642e+07
-9.70842e+07
-9.67778e+07
-9.64655e+07
-9.62204e+07
-9.60379e+07
-9.59473e+07
-9.58749e+07
-9.57959e+07
-9.5713e+07
-9.52354e+07
-9.48995e+07
-9.47372e+07
-9.45616e+07
-9.45251e+07
-9.44789e+07
-9.41554e+07
-9.40066e+07
-9.36806e+07
-9.34864e+07
-9.32324e+07
-9.32228e+07
-9.3102e+07
-9.30396e+07
-9.30164e+07
-9.26916e+07
-9.25933e+07
-9.25194e+07
-9.24716e+07
-9.19889e+07
-9.18831e+07
-9.17275e+07
-9.14951e+07
-9.14042e+07
-9.04562e+07
-9.04057e+07
-8.99808e+07
-8.98321e+07
-8.98174e+07
-8.96833e+07
-8.95213e+07
-8.94684e+07
-8.9276e+07
-8.89091e+07
-8.88771e+07
-8.88475e+07
-8.87047e+07
-8.85364e+07
-8.82579e+07
-8.8165e+07
-8.80528e+07
-8.76395e+07
-8.73976e+07
-8.73349e+07
-8.67275e+07
-8.66704e+07
-8.64907e+07
-8.61376e+07
-8.5783e+07
-8.56352e+07
-8.53972e+07
-8.50708e+07
-8.43963e+07
-8.41664e+07
-8.40452e+07
-8.38949e+07
-8.37384e+07
-8.36443e+07
-8.26947e+07
-8.23391e+07
-8.20396e+07
-8.15558e+07
-8.13916e+07
-8.10961e+07
-8.07649e+07
-8.04853e+07
-8.04233e+07
-7.99896e+07
-7.99482e+07
-7.99048e+07
-7.97149e+07
-7.96128e+07
-7.96076e+07
-7.94836e+07
-7.9004e+07
-7.89725e+07
-7.89345e+07
-7.89147e+07
-7.88705e+07
-7.8648e+07
-7.84424e+07
-7.83293e+07
-7.8329e+07
-7.82639e+07
-7.79428e+07
-7.76962e+07
-7.75739e+07
-7.71622e+07
-7.65217e+07
-7.63761e+07
-7.60294e+07
-7.56372e+07
-7.51228e+07
-7.50829e+07
-7.50753e+07
-7.50245e+07
-7.50113e+07
-7.49328e+07
-7.48771e+07
-7.47766e+07
-7.46033e+07
-7.42382e+07
-7.42093e+07
-7.375e+07
-7.36597e+07
-7.36294e+07
-7.32824e+07
-7.32165e+07
-7.30454e+07
-7.24565e+07
-7.21628e+07
-7.17491e+07
-7.13992e+07
-7.12186e+07
-7.06239e+07
-7.06222e+07
-7.04409e+07
-6.99585e+07
-6.95599e+07
-6.93556e+07
-6.93435e+07
-6.90898e+07
-6.90701e+07
-6.88623e+07
-6.83741e+07
-6.82066e+07
-6.79099e+07
-6.78523e+07
-6.7479e+07
-6.74489e+07
-6.73524e+07
-6.72318e+07
-6.68808e+07
-6.67931e+07
-6.65934e+07
-6.64146e+07
-6.61658e+07
-6.57746e+07
-6.55729e+07
-6.5205e+07
-6.51558e+07
-6.48828e+07
-6.48738e+07
-6.48275e+07
-6.48047e+07
-6.4804e+07
-6.47027e+07
-6.45948e+07
-6.454e+07
-6.41454e+07
-6.34546e+07
-6.3146e+07
-6.30183e+07
-6.29635e+07
-6.29454e+07
-6.28853e+07
-6.2378e+07
-6.23383e+07
-6.20602e+07
-6.15322e+07
-6.13566e+07
-6.1261e+07
-6.10952e+07
-6.09886e+07
-6.05614e+07
-6.0487e+07
-6.03369e+07
-6.03067e+07
-6.00246e+07
-5.99834e+07
-5.96365e+07
-5.94475e+07
-5.93871e+07
-5.9006e+07
-5.88688e+07
-5.87874e+07
-5.86792e+07
-5.85331e+07
-5.82702e+07
-5.81694e+07
-5.7415e+07
-5.6736e+07
-5.60214e+07
-5.56554e+07
-5.56025e+07
-5.55483e+07
-5.51638e+07
-5.51238e+07
-5.50665e+07
-5.4998e+07
-5.47094e+07
-5.43271e+07
-5.40942e+07
-5.40527e+07
-5.39003e+07
-5.37803e+07
-5.35754e+07
-5.29114e+07
-5.22023e+07
-5.19911e+07
-5.16426e+07
-5.08851e+07
-5.07204e+07
-5.04949e+07
-4.99979e+07
-4.96501e+07
-4.95814e+07
-4.93988e+07
-4.92908e+07
-4.92477e+07
-4.92136e+07
-4.90766e+07
-4.90743e+07
-4.8985e+07
-4.87614e+07
-4.86346e+07
-4.85281e+07
-4.83289e+07
-4.78536e+07
-4.77959e+07
-4.77918e+07
-4.76343e+07
-4.74034e+07
-4.72634e+07
-4.6966e+07
-4.68315e+07
-4.67368e+07
-4.64e+07
-4.62431e+07
-4.61584e+07
-4.58705e+07
-4.58659e+07
-4.5847e+07
-4.58449e+07
-4.57195e+07
-4.56966e+07
-4.56148e+07
-4.479e+07
-4.46096e+07
-4.42697e+07
-4.38761e+07
-4.31019e+07
-4.30496e+07
-4.27464e+07
-4.2613e+07
-4.21083e+07
-4.21026e+07
-4.18401e+07
-4.15198e+07
-4.13474e+07
-4.13451e+07
-4.11631e+07
-4.07028e+07
-4.05034e+07
-4.04742e+07
-4.04624e+07
-4.04452e+07
-4.04209e+07
-4.0338e+07
-4.02485e+07
-4.00995e+07
-4.00004e+07
-3.99205e+07
-3.95296e+07
-3.93768e+07
-3.91934e+07
-3.90654e+07
-3.90166e+07
-3.83392e+07
-3.78463e+07
-3.76196e+07
-3.71458e+07
-3.67995e+07
-3.58711e+07
-3.57871e+07
-3.54059e+07
-3.52618e+07
-3.49594e+07
-3.42561e+07
-3.41733e+07
-3.40181e+07
-3.31728e+07
-3.27582e+07
-3.25507e+07
-3.24096e+07
-3.22559e+07
-3.21627e+07
-3.20498e+07
-3.16778e+07
-3.14427e+07
-3.13965e+07
-3.11027e+07
-3.10839e+07
-3.10306e+07
-3.08962e+07
-3.07951e+07
-3.06877e+07
-3.05872e+07
-3.05207e+07
-3.03853e+07
-3.03005e+07
-3.02049e+07
-3.00366e+07
-2.94622e+07
-2.91299e+07
-2.88112e+07
-2.87226e+07
-2.86164e+07
-2.81917e+07
-2.78647e+07
-2.70404e+07
-2.6975e+07
-2.69538e+07
-2.69253e+07
-2.6444e+07
-2.62675e+07
-2.61555e+07
-2.59146e+07
-2.58675e+07
-2.58578e+07
-2.5758e+07
-2.55985e+07
-2.54546e+07
-2.538e+07
-2.52524e+07
-2.52049e+07
-2.51967e+07
-2.51198e+07
-2.49909e+07
-2.48926e+07
-2.48705e+07
-2.4467e+07
-2.43211e+07
-2.41724e+07
-2.33956e+07
-2.32182e+07
-2.32104e+07
-2.30313e+07
-2.30026e+07
-2.29882e+07
-2.29129e+07
-2.2737e+07
-2.24597e+07
-2.24167e+07
-2.22985e+07
-2.21632e+07
-2.21572e+07
-2.1527e+07
-2.14986e+07
-1.96817e+07
-1.95616e+07
-1.89737e+07
-1.88907e+07
-1.8699e+07
-1.86974e+07
-1.86851e+07
-1.85123e+07
-1.85e+07
-1.81986e+07
-1.7657e+07
-1.76364e+07
-1.74667e+07
-1.74624e+07
-1.74235e+07
-1.73281e+07
-1.70835e+07
-1.68073e+07
-1.67353e+07
-1.66832e+07
-1.66789e+07
-1.66477e+07
-1.65828e+07
-1.64891e+07
-1.64073e+07
-1.62077e+07
-1.61252e+07
-1.58044e+07
-1.56815e+07
-1.5641e+07
-1.5348e+07
-1.52702e+07
-1.52023e+07
-1.50722e+07
-1.50665e+07
-1.50357e+07
-1.48337e+07
-1.45144e+07
-1.41605e+07
-1.40882e+07
-1.36572e+07
-1.36211e+07
-1.35e+07
-1.34163e+07
-1.33468e+07
-1.31296e+07
-1.24131e+07
-1.23475e+07
-1.23069e+07
-1.22757e+07
-1.21338e+07
-1.20965e+07
-1.15857e+07
-1.15008e+07
-1.11518e+07
-1.09891e+07
-1.08441e+07
-1.06843e+07
-1.05683e+07
-1.05566e+07
-1.0456e+07
-1.04053e+07
-1.00984e+07
-1.00694e+07
-9.94304e+06
-9.94181e+06
-9.383e+06
-9.37079e+06
-9.35187e+06
-9.33677e+06
-9.21791e+06
-9.12615e+06
-9.006e+06
-8.84207e+06
-8.74225e+06
-8.3133e+06
-8.30461e+06
-7.4568e+06
-7.22056e+06
-6.85249e+06
-6.81773e+06
-6.5319e+06
-6.5172e+06
-6.3693e+06
-6.319e+06
-5.85885e+06
-5.73025e+06
-5.6919e+06
-5.59279e+06
-5.41737e+06
-5.25383e+06
-5.08812e+06
-4.86446e+06
-4.72437e+06
-4.43826e+06
-4.38396e+06
-4.32472e+06
-4.3149e+06
-4.3095e+06
-4.04891e+06
-3.82929e+06
-3.82272e+06
-3.66744e+06
-3.62791e+06
-2.87021e+06
-2.81153e+06
-2.77392e+06
-2.69417e+06
-2.54428e+06
-2.46785e+06
-2.25211e+06
-2.22943e+06
-1.43731e+06
-1.36544e+06
-1.33021e+06
-1.29108e+06
-1.1445e+06
-667051
-657432
-521738
-103718
-43390
286657
312716
496263
676554
709959
834356
929441
1.0865e+06
1.43017e+06
2.11914e+06
2.35119e+06
2.49803e+06
2.92331e+06
3.29766e+06
3.31623e+06
3.37009e+06
3.38211e+06
3.52891e+06
3.60419e+06
3.82455e+06
4.25417e+06
4.36074e+06
4.43254e+06
4.43917e+06
4.47073e+06
4.47783e+06
4.62314e+06
4.70891e+06
4.88143e+06
5.07743e+06
5.43149e+06
5.60496e+06
7.00595e+06
7.07862e+06
7.7095e+06
7.80373e+06
7.92474e+06
7.99717e+06
8.10854e+06
8.12239e+06
8.264e+06
8.41121e+06
8.77591e+06
8.93706e+06
9.09744e+06
9.13646e+06
9.46522e+06
9.49061e+06
9.63909e+06
9.87334e+06
9.90772e+06
9.94901e+06
1.00269e+07
1.06704e+07
1.08025e+07
1.08782e+07
1.1148e+07
1.12634e+07
1.14516e+07
1.19892e+07
1.21861e+07
1.22893e+07
1.24772e+07
1.24866e+07
1.25675e+07
1.26886e+07
1.27462e+07
1.28144e+07
1.29797e+07
1.31554e+07
1.3179e+07
1.32983e+07
1.35722e+07
1.36463e+07
1.39389e+07
1.41227e+07
1.43272e+07
1.48713e+07
1.51705e+07
1.54965e+07
1.57343e+07
1.57671e+07
1.5814e+07
1.62026e+07
1.63221e+07
1.65091e+07
1.67103e+07
1.67138e+07
1.68296e+07
1.68914e+07
1.70429e+07
1.70617e+07
1.70704e+07
1.73474e+07
1.76215e+07
1.77759e+07
1.81227e+07
1.81415e+07
1.82524e+07
1.83858e+07
1.89102e+07
1.89186e+07
1.94368e+07
1.94491e+07
1.94574e+07
1.98684e+07
2.00289e+07
2.02073e+07
2.02387e+07
2.04945e+07
2.05235e+07
2.07375e+07
2.10591e+07
2.1339e+07
2.14931e+07
2.16594e+07
2.1868e+07
2.22896e+07
2.25575e+07
2.26029e+07
2.28769e+07
2.29176e+07
2.30052e+07
2.35698e+07
2.41173e+07
2.43422e+07
2.44484e+07
2.48358e+07
2.48653e+07
2.49092e+07
2.50468e+07
2.51107e+07
2.51514e+07
2.53156e+07
2.56904e+07
2.62535e+07
2.63533e+07
2.65944e+07
2.6884e+07
2.69621e+07
2.70371e+07
2.72304e+07
2.73147e+07
2.73408e+07
2.76527e+07
2.76941e+07
2.77559e+07
2.79736e+07
2.79763e+07
2.81143e+07
2.85957e+07
2.87982e+07
2.93223e+07
2.94405e+07
2.94408e+07
2.94481e+07
2.94765e+07
2.95026e+07
2.95814e+07
2.95968e+07
2.96994e+07
2.97995e+07
2.98256e+07
3.00895e+07
3.01628e+07
3.02252e+07
3.02641e+07
3.02775e+07
3.03144e+07
3.0336e+07
3.03799e+07
3.04713e+07
3.08219e+07
3.09319e+07
3.15336e+07
3.22415e+07
3.22721e+07
3.27422e+07
3.29131e+07
3.32313e+07
3.33545e+07
3.37848e+07
3.39461e+07
3.41726e+07
3.45953e+07
3.46584e+07
3.50995e+07
3.57495e+07
3.58501e+07
3.58594e+07
3.59115e+07
3.59486e+07
3.6083e+07
3.64224e+07
3.70029e+07
3.71962e+07
3.73106e+07
3.73331e+07
3.75226e+07
3.75992e+07
3.78671e+07
3.80221e+07
3.8185e+07
3.84107e+07
3.84147e+07
3.86189e+07
3.86386e+07
3.86828e+07
3.8724e+07
3.89635e+07
3.89758e+07
3.90553e+07
3.98441e+07
3.98725e+07
3.98981e+07
3.99211e+07
4.02069e+07
4.02169e+07
4.0336e+07
4.03584e+07
4.04295e+07
4.043e+07
4.0485e+07
4.06236e+07
4.08734e+07
4.10252e+07
4.13107e+07
4.13354e+07
4.13511e+07
4.15025e+07
4.16688e+07
4.18632e+07
4.21411e+07
4.21663e+07
4.22685e+07
4.23878e+07
4.24398e+07
4.24539e+07
4.27546e+07
4.30384e+07
4.33045e+07
4.34521e+07
4.35932e+07
4.37995e+07
4.38921e+07
4.45566e+07
4.49645e+07
4.51703e+07
4.54073e+07
4.55365e+07
4.56669e+07
4.57361e+07
4.57964e+07
4.58665e+07
4.60391e+07
4.61601e+07
4.64082e+07
4.68462e+07
4.6888e+07
4.70603e+07
4.71367e+07
4.71897e+07
4.73927e+07
4.76712e+07
4.78626e+07
4.79006e+07
4.83591e+07
4.83884e+07
4.88978e+07
4.91917e+07
4.9195e+07
4.92011e+07
4.92444e+07
4.93322e+07
4.95878e+07
4.96247e+07
4.98908e+07
4.99407e+07
4.99807e+07
5.00054e+07
5.0226e+07
5.03515e+07
5.04349e+07
5.05556e+07
5.06358e+07
5.06466e+07
5.11036e+07
5.12891e+07
5.14481e+07
5.16179e+07
5.19024e+07
5.21136e+07
5.21434e+07
5.22407e+07
5.24004e+07
5.251e+07
5.25199e+07
5.27333e+07
5.30902e+07
5.32499e+07
5.34211e+07
5.35043e+07
5.35748e+07
5.37216e+07
5.43041e+07
5.43764e+07
5.45741e+07
5.51891e+07
5.53045e+07
5.5505e+07
5.56051e+07
5.57521e+07
5.64464e+07
5.69946e+07
5.72179e+07
5.7218e+07
5.74608e+07
5.79116e+07
5.79807e+07
5.80264e+07
5.82211e+07
5.85799e+07
5.86422e+07
5.86685e+07
5.87526e+07
5.89362e+07
5.90443e+07
5.9186e+07
5.92069e+07
5.94448e+07
6.00073e+07
6.03824e+07
6.04402e+07
6.04697e+07
6.17379e+07
6.25443e+07
6.25788e+07
6.36637e+07
6.38777e+07
6.39275e+07
6.39611e+07
6.41898e+07
6.42055e+07
6.4248e+07
6.42778e+07
6.46623e+07
6.47121e+07
6.47572e+07
6.50839e+07
6.52278e+07
6.53814e+07
6.56144e+07
6.63535e+07
6.64077e+07
6.6682e+07
6.67058e+07
6.69365e+07
6.73477e+07
6.79324e+07
6.79841e+07
6.82527e+07
6.85763e+07
6.86925e+07
6.89311e+07
6.91471e+07
6.93213e+07
6.93596e+07
6.93773e+07
6.94689e+07
6.98482e+07
6.98681e+07
7.06541e+07
7.06587e+07
7.08099e+07
7.09116e+07
7.12959e+07
7.13761e+07
7.14683e+07
7.16343e+07
7.18166e+07
7.19793e+07
7.21316e+07
7.22657e+07
7.25753e+07
7.2583e+07
7.26257e+07
7.30553e+07
7.31633e+07
7.339e+07
7.35115e+07
7.39022e+07
7.39955e+07
7.43263e+07
7.49908e+07
7.56654e+07
7.62855e+07
7.65164e+07
7.65721e+07
7.7726e+07
7.77437e+07
7.80223e+07
7.83497e+07
7.84323e+07
7.8468e+07
7.86012e+07
7.87398e+07
7.87538e+07
7.87589e+07
7.92854e+07
7.93829e+07
7.9624e+07
7.97771e+07
7.9822e+07
8.00288e+07
8.01775e+07
8.03449e+07
8.0432e+07
8.05582e+07
8.07376e+07
8.07504e+07
8.0824e+07
8.08583e+07
8.15816e+07
8.15991e+07
8.19841e+07
8.20038e+07
8.20383e+07
8.21225e+07
8.23602e+07
8.25294e+07
8.2783e+07
8.34873e+07
8.36789e+07
8.47456e+07
8.49491e+07
8.50417e+07
8.51094e+07
8.52461e+07
8.533e+07
8.54767e+07
8.57258e+07
8.57896e+07
8.59063e+07
8.60753e+07
8.73769e+07
8.74283e+07
8.77879e+07
8.78142e+07
8.83747e+07
8.85386e+07
8.90818e+07
8.92368e+07
8.93882e+07
8.97974e+07
8.98632e+07
8.9894e+07
9.00367e+07
9.00497e+07
9.01916e+07
9.02111e+07
9.03503e+07
9.05578e+07
9.06643e+07
9.06726e+07
9.08418e+07
9.10476e+07
9.14354e+07
9.15748e+07
9.15826e+07
9.16447e+07
9.26534e+07
9.2676e+07
9.27038e+07
9.32325e+07
9.40893e+07
9.45358e+07
9.45711e+07
9.46976e+07
9.5084e+07
9.51846e+07
9.55662e+07
9.59797e+07
9.60771e+07
9.60773e+07
9.61021e+07
9.61959e+07
9.65884e+07
9.67895e+07
9.71451e+07
9.76005e+07
9.80731e+07
9.81649e+07
9.82052e+07
9.82959e+07
9.83747e+07
9.85628e+07
9.88653e+07
9.91265e+07
9.94122e+07
9.96175e+07
9.96863e+07
9.98517e+07
9.99407e+07
9.99841e+07
