int
1000
-36842925
-66256778
54254095
36798988
80224982
83936598
-67556126
-54147383
1389787
-28744797
-3525742
-9320264
-6946704
-54783671
81087543
-7195635
8681644
37601798
-90468576
76420125
29506000
-40704046
74155218
-46571154
-8249238
50495690
77199404
65142922
54756569
29563529
51935822
69052240
51326301
-93683328
31549695
94684993
-27453370
57933280
-69539700
28197742
-21276294
-252771
17456707
52105519
-61033174
-78434084
-84300276
-51848360
-84915594
42453963
52658549
59167824
-69519379
-64610989
-63871130
14751580
-92047429
-84098891
5548665
-18989756
46268764
50219025
82509135
15283527
84191866
-93557536
35982178
-72610073
-71500864
82755209
82373590
-58469737
-68604898
54886599
-33236364
79885914
91329877
62681557
31112685
-62253125
84060010
-15927571
-46941322
-47166360
95859931
-41960245
24030726
71262703
-84719630
89859482
-47795137
77396013
-61689797
-79992206
30590276
-46513044
-43283091
-91221691
46664706
-19328220
82847896
-6922915
19811426
-74314847
-42609631
-63336260
-99488605
670613
-75396624
-28827524
29703147
80525768
-8002435
-13201952
13786931
51131912
-81781724
-80080245
-89261070
-69890792
-7900300
85088258
-41927700
-71406245
-10523707
-74460799
47236532
57572797
-22103928
45945544
17304744
-60142232
-2526757
73510316
-38116681
-79989123
14345834
-82030350
28384584
51386305
-50924188
79802129
73494081
-16483964
-61054305
-5793810
30429271
-33775280
-94929016
-48202929
-11361441
-20801433
17501506
42527382
-53185399
-2021472
-26241925
16647392
42030827
28591542
-37283796
-5462946
99116306
33983681
38505453
43312044
36882419
81003013
59289075
-68405625
10323204
88885075
-82073788
48771538
65667635
63324594
60657854
-10500260
-58198873
10443999
14194457
44639885
74183353
-30631781
-90504831
22064093
-6699911
47007208
-6290418
-50567856
-83695979
22789610
20111638
43738209
35937077
82420796
46044986
-14368680
40376596
-97492833
-31898370
-26756612
14642343
-22969170
33044909
61028391
84449914
14670637
27290890
94104165
-95203327
48923892
-96269331
6434360
6849838
-70252713
-29896327
-22897040
-40813041
-44780550
5359726
-58734823
67132783
7443697
45729248
45481409
-91580756
84819751
72160156
18101601
18683893
-59252012
19628025
2241559
-52091775
-93438915
-91598393
18076216
36077631
-91126488
78793901
-7880295
-22974109
-82660560
-89582841
-32854360
-2427356
-42225377
-37063915
3771269
37379609
-78335560
-11246785
62867350
715976
-73585417
-10053704
22651231
53664683
39462726
80962752
-5113533
22688836
-10140485
27049837
46305176
85662570
31834897
-96979004
-33900321
-26139048
-61823439
-88556146
53412437
-57114459
-31390484
61782010
-44829336
25286658
29967383
-49428090
-95319848
61483274
30417927
-44490592
-81946878
822629
-25618150
62143495
-43885499
89400397
71891869
-47460192
-29005922
8163741
2403481
48025308
14732291
50583007
-2858813
-28257278
-92810176
38066309
51817169
-21296116
-19615870
81132237
-89787574
16584831
85534541
25780625
-16543336
25801965
-60151850
70061609
-80675669
-16997746
49461771
97884114
-43122557
-31585852
26426305
12581164
98065082
-79320429
80619203
54436986
6784540
-1008899
-64311933
48428178
-54790326
-44465678
873333
6001565
79957929
77898981
11562883
68293254
-78458872
52399900
-78016915
-79812769
-62822922
-16211947
-83859036
40846666
44689911
73075330
-97354295
-16164597
54295201
36166238
60448646
16890566
79712619
47706064
-94673848
80609680
67994334
-12141744
-33820848
51969549
86469488
59450675
22886454
-63281862
-20197298
7496773
19439824
-76892506
-27428017
51632113
-95788383
-6621587
69706731
-31128465
93240766
-86791938
-67786564
96687167
-63441493
-78929154
-91068673
-83196181
93707156
-74052914
-96877555
31318220
-72972939
-73005752
-46285204
-51090243
-66899970
-56224901
-39278944
-80576118
-99455114
86284550
-9327513
-88439795
53062155
-54119026
28069458
11170433
-85142581
91424210
52863254
8371012
-42982603
-81880060
4956769
83184024
8106519
-75411156
75010706
-90388213
14186998
35425314
75176997
-68153961
78788566
3035410
-49790005
59374064
-46238308
65148960
77763310
-94991187
-46593216
10331674
-39148569
38752090
-11761100
14629903
-59955969
-8333602
46074764
80867879
-21319332
69755646
-85877637
29530226
2179399
-31212645
56307757
71355305
90286116
37851731
47697570
32207325
77140216
-23044532
7629835
12618
65893292
-99423870
71707394
-21549385
-29279026
-21502105
-63477644
55074116
-78976010
63046352
51398998
-74187368
92693029
19543560
98673541
-54550710
91854967
-92067361
27529496
-31878676
-64728555
70320773
-69076738
95729810
25571818
7051915
20535776
-55978322
14450608
-93939085
36193674
-69161345
-34661158
-28561392
-8753031
-6453027
-24180677
-74386428
-53505257
93807301
-71791825
32243564
34021609
-37314076
7863254
-6907980
-64573590
34443524
-72185960
65858279
-42431559
-57575437
73440783
95110769
34009294
-94906563
30665339
87192103
44184042
81893282
83797068
-91934427
-7969141
-16704149
73818798
88637699
31317963
-85408756
53373548
-55277187
-42969486
-40205303
31881792
19205894
-94668559
92888154
-73573214
-57851042
79811
88159226
20403019
-21864663
52751587
-13191594
36176225
83603267
-51625339
-83665077
8206633
-74640434
-33989965
-58395380
31032990
76310510
-77364170
21904856
-4251855
-28116077
12222932
-14294682
-78330834
-49578309
-98765786
59385441
-33917985
-73509726
53988191
62238221
-34769503
22266309
-4870791
25187711
85510816
-45694959
-13532171
-70128613
54942676
-10698056
57660788
-69627491
85411709
2143216
-12954259
25964635
1069649
87124212
-53408497
-33729569
43671533
38633284
39820726
-86348016
-26997368
57880338
59281746
60888298
32913142
-60861598
-98857067
41304692
-16731466
71378201
-17571704
46009574
14173213
-93095374
64879344
-51944609
31083184
17242246
86952117
2544439
-35971419
-39282654
8767894
-94003814
-31454622
-81427340
-87751826
1234291
-18511516
45930531
97936690
78860470
-46684946
-40798761
88330086
-53513053
19497281
12259782
28987809
-89786309
4587891
-3459775
-46246644
-68790573
-41260662
-71810457
-61817238
-57687266
-82245671
73288276
-18821455
21606995
-64272947
51267159
4281306
-38680271
95380520
-98147353
-59829166
77102634
-42651066
84044536
42457478
-46086241
59428897
-97424489
-63070286
10370670
-35802742
-53001366
23108687
17310229
-63805219
80393188
-74581456
-78495174
-80397719
47144345
-97412552
-23736304
-98917950
55211414
76646026
-71856384
20830977
-33416046
-3603286
5649694
-20339234
-67966261
12467868
-2137017
-83021656
-71749259
-60524629
60840145
-18936120
-49004337
36788915
38343016
-13062197
23285358
61967130
32758310
-83207824
68540713
55456357
89129521
-90308201
-51690151
-34023770
-79571732
29561570
-42621033
-76845256
56553810
-60257214
84315661
-23429120
-34795193
-4427134
-33857577
7813672
80090958
56909001
-68630308
-97931654
44658622
-95116811
-69841634
-50931687
70588077
99516239
89576645
-10387579
12322594
-35330384
-68822097
39456449
46389073
-47937333
-75678807
40107031
43696525
-97143096
98290491
-22674601
61188219
14903217
-20123043
-90335044
-61942767
56929928
84479455
98454901
-60318590
74418745
57686304
88313521
-47791665
-23460632
54713858
-50124077
-70943032
-66306349
-76855615
62139866
49404667
25807692
-52145323
6082034
-88832720
-62562180
-46395258
5226376
-53245867
31930805
-30782551
97445133
-26761326
37784969
-84092895
26546125
87206419
-70062622
19186868
60681286
-27627107
-7050451
37548723
31920760
21175997
-21978026
-50660533
37666195
65236929
29165716
-91972100
62476511
-74967346
23320712
-40365857
66407878
31616079
77899688
45684446
30309612
95751194
77911179
63489561
-29295833
21538792
42200821
-87133250
99764284
32789532
81738092
68797161
86432828
-74528483
1275571
95055105
31418977
58706012
-81485492
-7738501
52834791
-23359013
-80854307
39900233
-43240182
24855019
43032028
39164854
-70537399
-81759950
-51023486
-65668124
81971583
-90215615
24153856
35737224
98993044
67393822
-8421228
-96111732
-45750759
-22693378
46726713
-47727212
-29434024
12800303
-11104302
43542367
-22305116
-1923993
94565495
19780818
8629856
-46349715
56130780
73701124
45570787
-87384690
42081457
56603000
-76879438
-22173796
-68726568
87328024
33375615
-81613771
-25908794
-8913459
34143138
-76591881
-11473259
-49652960
-63209418
49465986
32910923
36986481
3918221
93982427
60246358
-84077071
-14932006
-39963775
14568231
-84110931
-38763263
96677885
-18508691
-86127282
72009997
17545889
37425359
52159114
14271178
72334188
97319243
70387800
95615549
-27345607
80633576
-57058231
34068912
98547289
25160517
-28720677
87034988
-23703257
-120621
76764464
8089571
-88213764
18733328
-88870094
12411691
-29484323
712242
14575955
20310885
94155874
-57526454
99028820
-84735209
43757170
-78064502
39064426
-86471249
34367040
-6024607
34019770
-59913785
-80664192
-91225738
39862116
32558585
-60444820
58121663
-34052916
70873280
-92087420
26685332
-54521839
-37097017
16511328
27156290
-44835703
-31844345
-79495306
-39387434
51224277
81801897
-32480973
36130808
38787043
-54259282
-31359623
-59109225
-67252720
96036958
-86642618
-28802719
-76765118
-52285286
-39203644
64569256
12158937
65574636
-43942495
22495006
28726506
-86676996
26433690
-82636496
-1737354
-4735294
61630149
35451767
-72877508
-29852667
-62856759
-38963141
-98875686
-14216771
-62764463
-95824268
61528130
48172222
27219749
-73371804
-64135248
-12726673
-61283500
-63393863
72746997
77713523
-82322259
-29136872
-18737198
-46413191
-55111100
-78823450
-88910585
-63063077
-66015384
-37587443
-34528035
24540142
-34785535
-75090694
