int
10000
-96921574
53978820
-97651132
2529322
-51549436
47561700
-83934572
43724732
91372380
-33115641
1719784
62830392
-76689174
-48329754
40672401
-45756772
-44499378
73569700
-27496650
-85740770
-61145128
-94955617
-73480314
-97996059
-4461733
99956977
57409774
-97530927
50831190
554718
-73036081
58109144
98098345
97486789
12067996
22994494
-19679274
48523813
-81111815
44824287
30972991
-94529768
81582118
95985153
97032786
-66963764
51912998
41044692
-60079488
73386785
-95525688
57468366
37186967
17883414
-44450073
-51176147
81401374
-38791985
71531076
-15000497
-51982629
74861921
-24601470
14615350
42862536
-89325835
-27649988
-37779277
24877118
12614017
73281408
-81899160
-34370319
-91720444
-11050628
-49896436
-55084877
-82965042
-23283390
20445953
-96857061
-53145661
37130392
-28699886
16883458
39628640
36727736
99623047
57166188
-53738688
3355743
-2574289
58575692
70270628
76744477
-70537742
-98304835
-26553924
-11476842
45857673
70644963
-66845873
-50951010
-56840055
-53783478
14599090
63294511
93694432
41659834
93944455
-57851856
-39194681
-39672819
-34386808
-60974884
69828831
-42831462
-33928260
-32605238
-56666876
-15771169
-13441077
-20786162
36606986
-61098060
98879768
-27516997
-60621657
-59383625
79314801
-96437179
82289001
-9843885
-49723143
52067636
-10629242
-57947037
-70267949
39971186
-71232563
-51686374
11826063
-62391812
16286769
-75112964
-26489947
37265275
39786466
-8982129
-59400962
77419883
-29527470
65459119
17099073
-55975206
85846940
73225326
59465730
83640087
42073531
-57563524
-79758381
18367110
-49851152
-78308742
60509411
-18521917
80746840
41575060
39970067
-40723667
-25605659
-54568549
-39950053
4993402
-24820539
-91099672
31075893
40808434
78259332
-42262764
37294501
-57856513
4424626
-99808437
20180343
-33239624
-77483580
95618780
69180517
69381951
-91517851
-22201527
63986598
72433689
68481740
-97134987
-47150881
-98426213
-98913466
3235190
-69898104
-92428430
46654328
-51971783
61550343
46698257
72527828
-26820143
22773725
60998562
34025370
39055463
17728588
-1851087
28897124
96148738
-59583152
14655553
61388801
-20182719
-94048584
-45063645
-5603764
77346305
-91568283
-40691530
-84909132
85975878
-66715650
-17272157
-51599393
52006456
-11052974
98337709
-32725503
-5382805
5833925
14305323
21863481
-47993369
-96250072
-12674502
-52789310
58710506
-30140323
10326069
-41278102
54844247
69867857
-39042737
47094900
-68259078
-1720683
-38525655
42644624
38775665
15996166
25195587
-71183733
87528872
-74178232
11247434
-88749081
-51749815
38737369
-36165901
-59694132
26855889
79482224
-67837290
87742055
15794835
69466325
-93023787
30788461
-68156798
-58132125
-21153273
32513891
-70385247
15005900
-99820190
-34841061
-71043749
-96148281
69052721
74532584
-84341934
84768003
68317737
29624231
29292050
-97176536
94739088
77801456
-39578661
-52694774
58648978
12223541
15132526
43004039
30273047
-58677253
99241765
-6208403
2328760
-69177191
78595219
65205227
-4637812
-15175498
10044569
60673817
53651188
-75065405
-65031616
-63198005
62820792
-99177459
-54017138
81504208
93281891
67522441
26131036
-13269574
-54891908
32810803
34768710
55617039
60782122
7995277
-76476688
-88124462
34468910
79497924
38626961
3056750
83059626
12954626
62992237
-60286731
1677833
-83132104
-34475549
-84226881
66171031
549815
-41279372
-6471991
-23326629
-51110444
31743518
55468037
-25540545
50081864
-36665639
-98388690
45656543
25575145
-3156549
95273053
82998072
-5558663
-10265059
20905485
73480594
-38567503
-98339925
39774812
13737323
-52987897
-78472334
-51617835
-32906992
-76946848
33820063
46770843
43151663
-91520124
-95142910
12522884
-39595074
-39678431
-36860272
65384787
-81332040
48917511
2224424
-5306585
-73046837
46768069
-7044484
57116155
-52950460
64448975
81842082
28247004
-31451544
67162866
-82572551
3813454
-73767768
76666969
27507645
27839590
57576139
6411053
-44430366
94788048
25236547
26972371
65058374
83967
20344080
78201149
-50116007
-15734657
-39411285
-26369656
24977878
-77006961
84883387
868194
26366318
69756803
-30009988
-24264854
45039474
35409251
35046242
30597451
31371790
96961292
-28371610
25420459
46206411
-6820556
-70737489
-76646030
59085090
-36646489
20694592
94017948
4759847
-24476865
-93635055
52146844
-85879558
-49688246
-36807494
33426322
-875940
-83531056
35089417
-32773703
-66091277
57077936
-18771618
-92822150
-76922945
-82352726
5940202
44104593
75892058
40546117
32415817
40044563
-18918356
3163272
-68113550
86397637
80798014
95888179
-20566249
-85384792
-57624402
-65610304
-79795245
-22234319
-23973219
7706823
-41796017
19066678
-11715134
85983109
-64647272
49358251
-67261431
-55986098
96925985
-68486832
-35665501
87113615
13610312
3030528
-17007537
-63731156
-77512026
-37074714
19351584
-41382388
56536546
-65252481
12809612
18796822
23264799
-67084400
15296043
-36085428
-22672251
-7187659
-97846009
-9137390
-37787793
-41916304
38219685
-60780801
18388166
99208238
-13995587
64779289
-49867342
-92027990
48952812
-42413087
28798209
-59799330
-93314647
-50670894
42866588
-82900136
47079517
-5505504
-11371373
36660008
82437969
69684433
-33715298
46718039
-6099376
44415026
-81159293
-99490536
64764563
44594246
2431481
57442062
-60832818
-16124833
94713155
60313894
-45296421
11310435
-38010538
-56627998
-18127354
67767978
-40187541
83946825
-95810116
18046594
47765385
84467652
65571132
55351377
-2474353
7995096
-85201671
-76560655
7045409
95655776
35403719
51114489
53326482
88725064
-46453416
-43201158
-54209866
-61900888
-17302543
-41352642
-53621201
-88229021
87563015
-36698350
-66762602
62689882
24110838
-88182783
-96389522
-33173021
-83721671
-39305884
-38807511
85552535
89056597
29759604
-71993350
-31905367
-96055241
-3222223
-38751593
20035398
-50563900
-82637587
-54401015
-49407682
84518522
84787066
41360639
90220037
-91743330
-78423601
-31371427
-92035231
-32160144
40131918
-97184513
-21883223
-37833704
-57096178
-69089976
-6440946
-68935568
45525509
-16711491
-38120228
17223062
23523818
29939154
-69904938
97918219
-7470939
33047229
-95442481
47439726
-66143395
-42809041
62806203
39628614
35472690
-53873311
77787995
22860760
-32702247
92431789
60869450
-71568163
91219765
73452229
55816527
26603027
-46823864
-14483748
91576477
31851021
-98116185
-11177995
-24013408
-53202171
-6297192
-59112415
47222381
65878816
59911883
-59907814
38763307
-17830221
-84809427
66979626
21439595
85712708
36133226
-95585639
-5181909
39632465
-47071145
-64197015
-41503583
-91955005
82362889
-64835286
18570266
93021746
59212454
-62668296
-68465134
90566348
-17969347
-89686244
76047055
6231641
-79451635
-78822206
-28843359
70626162
58857015
-40201123
-34792952
-87040535
-95197573
58215634
28945685
24311633
-59295817
52576381
2554175
74393938
-66066772
48642026
-11990632
-59243511
96145496
52339620
-35008815
-31077980
-63907167
-8882413
-77830030
82973191
89600232
54450743
-26225540
2249292
68015325
-72614939
28161174
4568362
33059354
-47015450
42685976
-82687859
-65149557
-1575845
7781778
86695862
-19103662
-83390712
98730143
-6670126
-18334569
-2601454
46718210
2160999
24996447
-20176160
-45898686
65275472
10632712
-3245820
81021804
18824945
38612853
-27584683
50035242
65115079
52942497
75443652
-74446360
-61078833
-10427514
-67313914
94955534
56859408
-55546197
-95687853
14241939
3133800
-48230258
-34120341
90693767
-41342283
-90464891
70929473
-63961743
40997847
94572552
91987775
50644926
16875802
-96065378
44349697
-5353540
76325562
28288346
-30703375
-56782014
63553040
82121029
71518814
-70040655
5802034
85489496
-1121025
-35645595
16448707
-42850088
97537110
-72994746
-51891524
-90805340
3884323
-60070206
-15438739
-72839899
-93470785
-71427595
66684073
91047281
-12669051
-58099545
84223216
73092088
-93759380
-43541067
72491273
-88492505
-14618791
46864029
61662061
70722684
-12959683
-52122522
32979349
-48569092
30312406
-37839223
71012098
-61289821
48331937
52070677
46567401
-29807067
-9188840
85286573
42281986
72674015
2426807
97976145
88177336
89278427
89858028
-80243713
73074982
85146787
98977134
-35316281
75066870
-63620158
75213545
37176745
61328164
59283814
-26991282
52530983
75463025
-52439905
13405541
-68664178
91966104
-96070284
75973661
-46903172
-84700037
-21352734
68026473
-71354709
-74118946
-94187637
-46410645
67762731
82451057
54757730
-79862412
-43202970
18178582
-64967628
72758627
-84140026
-16543190
-20467506
85418519
62445338
30857303
-41772710
70340848
-23290626
-60431682
-15936069
79722632
-5833359
425785
10313833
-7223268
16968279
72918561
-61335755
98547523
36480067
-13583590
56137234
-61817885
-88894468
-37716505
96983745
-18296738
-55491342
88531254
-6602903
-39117540
-74095990
-59814351
-13056801
15314184
-46552687
-77860254
-33816369
-235962
78768405
-51560586
46210962
-55604860
-22374939
16589765
55268199
-20566172
-81692061
-46924866
-58149287
99010033
82157439
20373497
-69022551
-19528027
47141864
51274620
95989747
50384473
77382884
63529924
40024383
80702620
54527155
64012102
-38652074
23355401
-46648143
3838810
76443851
-38241976
45917451
3422922
-1001177
-15722015
-56641412
67182121
-26874774
70041317
-2395599
51408912
-82137959
-96042822
59390448
-60642442
11015294
15981317
-24711834
55943823
-2701209
63288845
-54393525
-68964602
-1826533
7266513
-89592979
14657222
-83411765
-75541758
-55250883
50230561
67420649
-55626356
13715367
86345096
-39483460
-20680222
50157030
-35167562
65871191
-85006413
-46466489
56471566
-29411299
35998853
15628887
96544939
6517952
15393466
22342183
98059307
92131682
59298932
82212350
-83740013
-56620934
54417500
77240848
-81827570
39202139
-21675190
72009338
-14276768
-86360104
-43907304
-12806480
18969695
-54914956
-6027551
21812641
-22907634
-95065272
2084366
-55171974
-64500391
78171526
14239206
73254749
-26590537
-962578
-33840888
1317940
-7210408
56567209
-66560590
-48575729
-21608664
62066447
-4955023
-14225221
-14066037
4213822
-74974964
-75984378
53857465
-49998307
-95397391
40523389
66257948
-77343982
-77323918
85879059
12992637
96042462
-89364320
46365917
-91970853
46628324
90175470
-95535238
-91424369
-73128621
-71714674
-1684829
1255264
-79853589
-23332842
49261530
95763418
43523724
-46115852
70630439
-3123374
86038675
-66805614
-64951073
66584698
97694974
-46300031
38508041
94292302
-14187181
-94611311
-36363327
-1030925
68867770
5151009
66810058
-1558337
-66870923
3743659
20400964
47786506
30245551
94089314
40740569
23543218
-60212520
94256088
-81305272
99595275
57339059
-30581779
-66665559
-15248599
-21385391
39266201
-10278703
36443985
99707466
-74939760
12765340
-11423117
-57806872
-15243597
-48369305
10572373
36902224
-36737689
-86683483
67159012
-68639557
-7537323
-38839540
-76506648
76289113
27839539
44795427
66164505
-10821682
-4327930
-77025532
-6269088
-94695284
-85679769
-69361906
20581464
1913310
9282982
-84820467
70950765
-65739849
-14925030
28357367
79777811
-26624307
-99333598
45987880
-86565779
28046688
51149660
-30380417
60398469
10697600
-92274710
-49326351
-16084615
59533010
33318496
-81107022
7775870
69934182
-57688901
42171869
-92776536
65655674
35104606
-25190596
31054425
78250328
59994166
90369732
-22604618
36299413
-31799219
-72482930
-42101430
85874079
41050580
-44271161
43666496
63921679
84700904
50601345
77010315
64439337
-85145627
-55603222
56705027
-34292447
-90385591
13314416
59410300
80364473
-43153251
2263430
-1508218
-63483709
30751991
-25020635
-86239175
39544179
-13751323
44450571
62624827
-30346136
7662749
-21820491
37488518
78537118
-55033585
-95229471
-17564930
-69216887
41483828
-68952680
-89912127
-90114901
53857009
-72021951
-70314891
-78488483
-58171514
99856475
-29125817
58895378
-67428941
-88809700
-25081448
-68953483
-77081499
-23497586
88638240
57462743
36773922
-55963911
94190940
61786408
-72262456
34696605
64721646
53242522
62405640
-6332528
64205879
-80089497
70570860
73752867
-38045746
3378259
-30742774
-79556918
-50085024
89642106
-71751152
-5777954
-9480053
64518765
-83087080
-8593625
76920212
10032650
22178545
53628391
18677890
-80569267
-72509847
789478
-15243369
-37393686
-76930877
-574299
-79442281
79425157
-13642052
-49607936
81728066
-79066961
-63365867
81946532
-30144843
60600740
-80661396
43739978
-77968803
95142071
-65594430
-35394012
81028253
-64516097
17700659
-7852668
37262295
92344688
-75046985
-62849143
60257475
-84331343
59111117
29123039
-4574055
-23027091
44199877
40940098
-8662801
54090111
-94238422
-81934277
-61561440
-58092978
11674493
87146650
-2388040
-87573023
77876781
13682472
-31229527
46721204
27390813
4006104
98804713
-23042796
91404155
72219431
-73394719
-31635384
51398304
-2670007
-41178182
46214192
57250109
-3025530
-22765773
41820662
84264151
-80870273
-12552554
-71805363
-84384356
-83930134
98536034
-88133892
51832769
-73586951
84374700
63870333
97332346
-77145063
86149268
-32940170
-5342334
80379477
25335775
-15037081
-11747336
-48556401
9001862
24858817
47160439
-43110036
-59207054
42305962
77963518
-94433264
11896322
57636074
34225791
-4508148
82035400
-35364909
69003372
-22730649
1867102
-73727671
2559943
84391644
9407042
72799374
3710220
43267311
-4031
67553882
-66787154
20795050
57751537
-84340462
-85454557
64422277
-2854811
-98080763
-66658577
53338034
-18610567
96502051
83754951
22525547
-28955910
6373890
40728686
-13184129
43055646
29071205
-90709831
58608893
-27517468
-83369365
55417288
82308182
-21218189
3433896
-91664505
67191475
64181212
71374958
-85197434
-44980233
-10100447
-86178373
21703371
-66457878
77590983
-91858502
82553777
22725930
-98660406
48531918
41671082
89935633
58962645
-41584919
8412811
-54334063
54259754
41523087
-52917615
39321370
-31552361
32445563
97563718
60292534
-2605056
-77042095
-481327
84108879
-61386547
36385439
-17956960
-28642380
-38404150
2226416
90837179
-97999348
29075197
-72585340
28386649
-10901090
-79323048
-45808580
-31102229
17489375
-6177207
45525173
-77671438
-46278699
25374926
-4245452
46243948
-73920220
48331061
9809416
-16119567
80484853
11697179
5396684
-38983861
-63691719
-77974784
74862642
42990007
78857397
-63733626
46610032
98671972
63183009
-62911318
11779963
77991223
-99250421
-74790243
-17693065
93390874
-40468284
-46013667
-97052986
-50265332
23931441
39827702
-18020840
-47186339
-63221909
51639399
-12533401
47422732
-81166469
90981646
30711122
17284352
29245292
-8885555
38913809
24701728
-19477848
-7671018
6025632
-40158631
-97419459
-88696578
66721497
18474892
52620108
82666707
85908648
99136146
-4281558
13895531
-75322470
61011352
67266713
29915718
54516774
33151080
85747138
87491021
-22271865
-7495809
14515209
40818666
35285224
23797106
68474796
94814388
-45500694
-31389210
-92936575
-54374415
48199908
82800919
47987189
53738233
83121934
67797876
67539885
62888128
-70051009
42868978
-46811577
41733016
51686862
-40821592
79294872
15287750
19592775
58429804
7450934
21439647
88204698
-16679304
-95046354
-60294186
-89734948
-68698979
76887296
31757149
-91844262
59304989
39199554
-6164536
79558289
95124617
14170878
62591094
87335394
-18331916
65194735
-80779880
-38450579
-91452128
-70918098
63546975
57780802
-24705990
69585990
-35241467
-71682918
-79403688
-74259661
92674417
3603643
-1013259
-59730085
27979244
80995376
28923201
12746394
20806668
57981276
-18922028
94329514
-23424222
-66763088
-31548390
-44305752
-63972975
35706988
-18345598
1888599
-19144056
58221013
64037963
2441289
-5992915
83102194
-79765297
81244513
-94442585
46864703
94202749
-42020683
-88367573
28083617
78133741
523297
-39728754
-50082702
-18699839
82226667
70503084
23357008
30905252
53509072
44162944
-16059199
41694431
-98987104
-61671714
-12414081
-98467611
50265425
-32074754
48970048
-15750668
-97585163
-94708171
-67034012
-84115342
16748812
-51996250
-45790593
-66490303
58899568
34069365
90290514
89044568
75539386
-71826139
-13514794
-80782672
9234289
-96421729
22781651
-93300540
93429259
-66616038
-40757612
-53539951
85080285
5813970
-68149180
41130727
66408294
-67749524
-2599302
98123673
-22112772
38404083
61361528
59190756
-36292529
-73177458
-13206398
41868672
-14176310
-68984158
1256240
-32753161
19197295
27150193
58775582
55490440
4192074
-51012747
73285285
55166608
61317349
74109894
-97626094
-51666624
27924325
25808907
6491874
98783743
90383009
-9538070
-51689419
1316636
62366891
8127031
-49663401
88725576
-21738664
-39166169
-5547346
-70140407
22529549
85532890
-53902729
-40834
-98350996
42249550
-92252415
-46830026
-43512296
96321234
-54545970
88573669
-68421304
58776495
99561863
79200789
37240176
-98019506
-60246400
-29252260
-71633663
-77537646
-30449974
95566278
10213055
93053345
41226132
-20568756
7443802
82039222
-471525
49741369
-95824942
-48512511
77191366
29288675
-62228409
-41098872
-86714516
-88645584
-7671893
63573321
-12654745
51681328
78205781
57137508
-70289508
73038521
4850454
54252372
-46365911
79621930
-34969327
-88556350
-5064629
63686636
88476570
-72107078
44074220
26367626
60496265
86817773
-39899709
19247625
40692419
4205092
40472016
-54870729
-18623647
1964148
38086526
-46047949
-1168273
-28561422
-10213229
11654649
-65454808
-90022492
-48864868
-20005695
-39931141
16641481
60976291
-14531981
-57727924
37534794
85322621
-3262372
87346580
-15255489
-31646192
66544180
49128505
-57467810
-91844543
45764973
-10445303
-89754254
14343714
-42290421
44440733
-23508079
-88110598
20138686
-8747101
11376649
-63020014
393843
-54035155
50062593
52020782
-78890652
80536758
-16620220
72618716
-24525115
-57760895
56598354
-83225135
38251935
-90799893
6187351
-66695010
-94706574
79165374
-61676622
19137476
92411225
-84470963
30436697
56243676
-24005629
53844380
44242727
-38131199
24506799
-33660685
-24318590
-20728623
15853054
-73004171
30031247
80555005
-91662589
-29533706
32882653
13397235
30616309
-35787428
-59843488
-77387852
-47489041
89005956
90741691
-17735871
-93843327
-69220899
8441985
11734744
42702487
-30416860
83387369
-4254918
-42324207
24175496
80151622
-71265429
-59439292
30771829
-20497663
4092475
-26917870
88023445
-41385254
-17246453
-91485268
-59970100
-15030049
59228710
-83263186
80528237
-41591370
-34560022
73253230
-99908152
38687851
-10493973
-23154552
65551465
-88706114
-60877328
-52865597
31079448
-56011549
-57859311
93113661
-50247
-15848973
-11039680
-58314541
-93325513
-38300600
-99585196
58858588
35747262
46660397
-79902800
74538806
-52429194
-6440724
-58213372
-41634919
4420966
87259432
72984663
89431529
64340930
98232216
62236210
-38569212
87588324
42566559
-4116525
-72836067
91527822
-45955556
23662502
13468121
-37312545
81742019
29950171
-74962175
4506665
-51832887
55276559
58986
-42937657
-59805511
-31816804
-71588570
-88558266
32287618
13056529
-41058310
-73018492
-91053928
91694836
-37092472
-32532433
-31939546
53774930
-7507420
-9124663
39656143
22153803
-66926732
-5876123
83630286
-89580537
78343923
14485491
-51509565
93126550
85243760
-51847219
-99666467
40016128
-49339029
-91217577
-23165755
61666499
16495824
-4719611
75052250
35946088
-19474101
20335930
-39074210
5683333
-7151733
-19590459
40757452
33196143
-17003188
-11688701
19747139
-6452282
-79288848
-82199404
-30220606
-56545579
-66235779
61131679
-29990598
-10037663
-8346059
42686005
-20725182
27370483
-45011995
-63738000
49567841
38779811
88806799
75330532
47105615
-87924327
31515117
36201192
-53379887
5102326
91693194
-6016244
30747960
48828386
34130136
-19369219
-17184743
-65483940
24880778
33516148
-8813624
-38569565
70554695
98746452
-24706653
37564215
-25583344
-12908287
-63541932
-95375883
68939291
-32149896
-88560576
-79212358
-95778886
-85032642
29580562
68811296
-36562954
26456603
33707827
-97964559
-94519866
22672547
8849394
81980270
-12178512
23967705
-18021905
57616961
-37722995
82120812
61037973
10123792
-92135226
-27174550
95080706
-74972432
46267963
11566022
-48619533
11430201
53395689
-60244766
10531415
-61127169
-33351028
-86338845
60211815
17557530
62495260
24723062
-63406157
16144065
15738071
13771874
72070438
-17708683
42693734
83956090
68053940
-87678465
88341559
8341636
-56595224
-46718403
-24079648
-29459808
93581645
41451259
-30460042
-41786546
-60665796
-42545715
69175029
58049259
-56330215
-69851092
29410209
-19306121
75846902
8310522
74415035
14954064
18393391
-85172737
32363127
-54685936
43161280
28696430
72113008
602054
64430294
15240801
-99180655
-9361249
-81904141
-83709325
19801106
-85765784
73575323
52447228
59063292
-15121957
-82289030
-5543847
16815831
-38129470
-11164692
81228590
-75673619
22125659
98529088
-48101518
52004700
-95810816
-15731039
44638030
-15359352
1165663
41907775
-5683588
-17747651
76269163
-27283319
37429
-78620139
61444319
29057245
40733377
-55186358
46469879
94540643
-78811989
-72523430
-6130986
-89765343
15961642
68367482
14909820
30168880
13357185
-23583016
52707891
25042437
52317449
-31495400
97673537
-7349668
89529364
-82656212
-43317926
66002861
-42611555
17452652
-924675
-81020524
-18884168
-21592654
29584823
6082707
-56358405
82379087
-88217827
91061813
7866095
-98771870
-14220223
-85863508
-80269199
36467208
-97429467
-34921834
56518742
61938105
-26136220
18871853
47363521
13443331
-91219382
28470971
-73612214
-61335648
-20488254
33780943
97716570
-77587372
-14872719
95770433
-67132808
-21234716
95495854
25973661
-93719400
7267221
-55435212
-14397358
-1773931
-4795948
19411919
-81753685
-68805057
56669820
27758448
-87076952
-16766812
-24189796
22301235
70435453
-20021455
-94314328
12103579
88694378
82927481
76604102
51913859
82587921
60290286
40966276
-87195808
32792945
-21930339
44879806
56789861
34215830
-57319174
-95911657
-51600812
-16484059
-65634016
-84092659
37907912
-77983721
-88093795
-95823102
-71923667
51590459
41033131
-81245472
35530249
40208653
-74251584
-54287492
-50925355
-83365787
-40286428
-42415887
-41878370
70300650
-84658195
-64331281
-80200694
63601456
3290662
-76533581
9218418
-90031736
41813055
-14515992
-91217205
-5227044
8374358
19732274
70157259
-26945201
41063259
30873869
-47427726
95946273
99310531
91963678
55283862
84122508
48135440
-37782987
-78379435
-61976101
58489217
-77444327
-89251275
7583710
-78979475
-98026846
-99028659
79898460
-61642812
40555183
-66830209
90006995
93519237
-18285464
-48136898
-45216579
-7076261
-55582032
5807592
85344258
-32576636
-18215115
65393181
55401176
71328180
-43084871
16194296
24525603
1930131
15955173
24543872
73701496
63515532
-36829176
60586493
-40001396
-57447346
-51483361
15848588
-20140967
42295915
-60247492
16759546
-70702113
20406300
-91415084
76046207
-34720268
86942836
91436335
-43319692
21029460
44982658
-22807360
96155776
11712690
51887744
-88453239
1754172
33183304
30582903
53618692
-33085188
-83414562
21208616
-58020910
46593108
-744273
37266033
76381918
64264094
45658243
-16174851
96225448
-4141056
85193244
-74404054
65304720
80267539
-9290170
-81020259
-99078787
76094909
-99739095
67529540
53271336
69363975
66682855
-14775612
-6879867
-49690145
37981058
-36820115
61266577
39231887
-56031028
-94472889
-42152093
10785224
37025937
29432504
-98750434
88336709
-2237608
84507936
56052696
-54136904
89441052
-97568498
-35200838
10483418
37922713
29267725
260100
-67498601
44544764
46012380
22331897
-60079812
57746981
64432804
22039106
33672920
-2142718
-89791239
22065303
-43942938
1104919
-31643929
-92647969
-81735996
-20239672
-66459535
-2369928
-51597492
-32960199
-11120131
84773110
46396245
29814755
99270554
34509678
37169268
1316380
-82513168
45878674
10654478
-26308990
34660005
-91408355
-67082963
-31109960
84620447
-75048154
-42133800
88476124
16583494
20990180
72357365
40133948
823719
-99475029
8020728
-33934656
-72929200
34113078
83018729
-82136270
-14519137
25411990
-94183333
-44391868
74088883
-27408503
8896661
-52307442
-34935995
81273152
-54186696
-17209675
73200767
52035103
29595118
-33874463
54770851
16642535
-81807588
13609856
93503311
18256958
1716807
-80848240
53300311
-66267248
-8266619
-45659583
83496024
-16581571
59214505
36347593
34208863
73582392
-48597011
24817670
-59998207
-29617835
-1558366
-68264748
99710474
70283544
-43213036
69165676
63909364
23004161
-89932531
-1300596
38083890
95151185
73352543
-85881810
-67588630
-12541266
-63799261
99562384
-98877163
23469092
72627034
6215381
42442895
55302236
49405690
75176857
77758785
-35197987
81659267
44659339
-60488402
-69512630
-7283567
59077332
-9851711
57994150
-84055843
-64001177
16545525
63789468
-48023789
45989012
-96615967
41978210
-95382663
-17905780
25978466
-87397865
-57005989
-10525950
43902450
-89061356
-93196845
-1389091
49745101
84310362
-10751524
39371242
-40088084
52979364
-23997582
-94607896
68361812
9684909
81523264
-60589655
-25936518
-5001384
-78143254
-4301119
66178149
97210327
-86792605
-99989355
48665821
-73448081
76888107
70892862
47867036
-61953516
74953962
-91913790
-75661663
62394891
11661337
-3838168
-58062249
5478173
21651605
37853410
-24489170
66709363
-30380544
-42657220
55432326
2870943
64305216
32515993
31080395
-10317013
88139126
-34684436
-26767003
-96441792
-60592331
14010306
96272438
5929349
57120511
94376982
46887362
-64277018
-86128750
1142135
67933195
-10568263
-4001323
-51325069
62740623
57510546
-74219866
-37875843
2765305
65302844
60010604
78554130
-39141633
98738323
37772361
89726389
-29864331
-89024825
59572287
-85856090
9387725
29522785
-35781678
-25745178
-20686065
36532965
10764921
-63860258
1963745
27917798
67743626
-34435895
56460513
60350495
59769311
-26157569
62082132
-53148857
-35310714
75386241
51892263
90845322
26617847
-48754178
89115346
2403298
39167579
61001076
-17243503
50914182
-36106127
66245339
-5742865
73688331
-38012025
43812730
4621067
-12645882
-13444535
89470080
-54119066
26126550
38640278
-91577913
31359821
56094707
32838911
49416834
76225902
-33705267
-5934404
-77299858
-94922096
-66012926
-15138927
-96153600
35553083
68704945
-69958414
-50850358
-30117636
31714456
-5194418
8652584
-23000318
-5617920
19903377
19131519
73284266
56065392
-40018005
20864843
-9277061
-68990406
-31929648
74065955
-60430201
55565350
-18384528
1782963
-48937513
-36985530
99989856
50200034
32685891
-10463582
3622159
53752325
-24931552
26624247
-96224898
22415608
-45804003
91507989
70391321
-2833580
-26933096
6935039
15952920
-84228792
-90917190
-18711563
53168375
-27065169
29590067
-9237727
-49322948
-97852770
-67068199
75908336
20995088
-95695747
-98361811
57045461
24258494
59998140
13799433
-97468053
-18458449
-76802735
10952698
30606376
-74674413
19241396
8453849
47569078
3755309
72268749
66309713
71069042
-37718975
58747768
55064159
-28131833
56959356
-10456153
-76599557
83874324
40462424
19002852
36427062
45172188
-804196
97494813
-44601284
84505337
5639711
34654352
-95818692
30539446
-84245074
7685525
3882117
19402232
18522681
62721133
-77996944
78913072
12175522
-26487179
-10830282
-25308442
-20357336
66954831
7457293
-7257098
-5426916
24053593
25629908
-44040301
90687011
-99013635
-202505
-70157452
5062756
-10928488
-59668593
67053938
-40374848
54688334
60002300
-53840730
39886677
39962280
35736823
79648441
-97434126
8637135
-61726169
43373342
-14754328
-53197591
-53633366
38468342
98371621
-65396680
31531705
31584003
25576376
56265052
-46684390
7149140
-37488781
59033929
-90307949
39681258
80609961
-8965008
-38265572
-19361343
94568231
14047408
8174889
3627508
77226298
51140896
83455518
64127923
-85019258
-40067550
-29541610
-80203807
-19602272
7421142
-78737332
41571623
60692329
-31441366
21588158
9246006
42257521
-34540210
-44161643
-87033424
86596755
28734513
31357242
-68396202
-71714210
20706881
86447097
52362571
-888951
32818046
54894722
90421445
-33230038
-22142193
77903920
-18486240
-76124817
-14375039
1826593
58538995
-90529592
-99444382
10053863
-27584522
-98901495
44216419
34144680
693600
4417985
-96291975
-7879851
-27544250
-33973940
-90171040
-97066907
17925396
-10482211
54340864
-23202461
-99568160
32381435
-21729950
27262040
89026968
31245984
-70215969
94485930
-62792847
93330929
18710602
12879405
-1052191
-62293672
29834427
-24908293
-32111746
-66609648
-741378
-91442980
-63972533
57024668
94301414
-92978533
67772716
27554013
-44235578
88470598
18267370
-32574554
82303209
7141448
47421959
75667039
-83897627
3604115
21752551
-46483224
53980850
-39899146
46418164
14149116
85889585
-15771695
-38843690
-8419978
11506850
16660410
-24263797
-60140110
99922407
99923894
-96708449
-54739832
-59803016
-2812131
77670033
-34168538
-88346007
77670348
82148129
37467533
-8453225
-30026184
21733030
23034431
29077495
-55520697
13737464
79235492
-32549622
-56393566
23814368
-1527924
59023755
-44564293
72454806
14096725
-69286653
35995265
-61576271
31336358
-2776112
-62723111
-30091474
-47578820
50257175
20074586
-37950042
-89221630
-45154878
18466492
-84396700
-26165016
-28980685
-6602630
-88967779
44182338
-360502
40217451
5047092
23300912
7449795
-8957316
64599504
49986688
-65179484
46817042
-58987904
35397468
73193977
-74504077
-61810424
2826041
44330455
-98356070
65770020
-7814454
-66012804
86921567
-17202905
-97623553
-8400150
305940
-2209438
-89224990
61083984
83625058
-73493802
17385431
76585461
-42605519
32723014
92103354
86685593
22078384
50631169
-93974150
58285076
607499
58806298
-72442327
38815894
-3782008
-31505380
-4863853
91674555
57635031
-29129274
-40556486
-8657183
56841133
93235372
-30530663
-41276058
53872781
35564891
5768090
57615542
78552762
-10143877
-35134426
-4950299
-54634507
77558950
-27522778
-71234818
75994942
-93413980
-13760066
72316564
51897506
98554829
-42694049
84836477
15985665
-18320827
55588191
10461729
64738953
83619299
-83051035
-62257996
-73886092
21325099
-72408557
58320862
-25813163
43875724
-36968789
32201699
-11031999
44001452
-8548898
69087997
-36684525
63682892
-92280223
-46996850
-43215957
-71845983
-99939952
-10484512
2723039
-95877084
6653702
-10567017
-59418651
28824329
71904118
6940375
5097554
-97591110
-52968900
-20373965
69532570
-46597284
-83130462
44797500
68923240
-1611180
66711251
60755104
45956509
9731381
-24850669
65089732
-96870886
84820165
-27839685
-67843698
23126412
-94340573
87414497
41964683
56943786
-51893429
85679895
62847740
-67050109
-55815193
25176074
60640033
60327887
93324974
-319815
-69560138
-54768634
77771926
52482327
79337272
44230297
99732204
45452449
46135857
77104101
28168525
90985095
62732035
-88617414
-8270121
-49795112
16544619
-20819077
58361654
-62112937
-32245994
-57226978
59508131
-17129024
-60226650
-50924129
-29160621
56881077
1446389
19129752
-11992489
-17569003
-92045911
-10793343
21446660
-46035996
-76932932
-99759136
-15930189
95126690
-2762415
-45980278
-95939269
-42258249
-13197390
-96483284
50503376
-88654568
-52897440
-60577164
-59157737
6967766
-14894798
7626988
-76108204
-17761318
19969748
1664386
73086194
37139656
19541874
17306736
36025668
63823629
-9632791
-60564060
36502468
-6012776
-70295736
40830121
51340516
55618025
-17231283
80234079
-13837162
-72551960
91545264
24411769
-57457099
-42802935
909210
-34260593
31469838
-2013973
-49168897
68172587
2380265
1077426
-74355201
44289962
94496008
1037382
-40306939
-42357392
32884927
15846818
-64973488
58319989
75243983
83239485
20819750
-38513821
77030828
-19143599
52622293
-80314715
2771354
88882803
51591190
76301131
-77308801
10291432
36994520
23653991
68889961
2596980
-6831453
59528560
-76817043
-24456100
52442733
24632354
87066781
-99654191
-50373586
-39908129
-36704804
50749665
-11192273
92049453
18733662
-72753614
27641105
-70586582
-39947406
-51062679
-78529372
-72151092
-98065208
33950745
31640537
-83665473
45386780
-81595881
32353028
-50756798
-77291660
57759816
-73807975
-90467373
-27352792
81071576
-37942270
17505126
-62174682
21805145
14436670
37105568
80196563
75401171
-32734109
78450719
69385681
40735493
46985247
7402144
-74273729
-49537133
9780651
-62475704
38149486
40292129
-32637686
-12345515
-9931628
-46947484
-85221401
44830542
37349713
89179427
-37339610
37790848
-91617390
-68026659
49767923
-18947591
-65880236
43690724
-42914517
-16532259
23647022
71545442
-36874615
6747245
77742178
-41306101
45445594
43415357
20774456
-77386678
9156978
-43943458
-23983933
27396207
89971334
-17260159
52218774
37207915
-44683535
-46349304
75970161
12752289
36952892
-6837629
-32265073
-11137037
74003918
-61055096
-43970137
30347202
31203859
43839735
91937889
-64799440
50199131
-10896788
72612833
52760368
24839637
40841823
79360982
-14741911
64726578
90074536
17660800
-52820164
-88489784
74431634
-83820623
16044466
39808812
35551563
-4666975
-68503919
97411736
-28273279
-59912215
94764125
-55808762
67171419
-6618206
-35524474
-42487464
-71774930
42463674
-18513304
-40365949
61942811
-67426451
31366989
-31415440
-69127243
73709990
-63341506
-84300917
-82771969
-98703596
-66689431
-93856223
16196513
-9042019
2438863
-45703305
34298364
-99858332
2179127
-44348391
25265401
7048051
-55220797
-5298220
25765212
44792278
-85852942
-72648682
9959522
-18110149
92964165
6143315
-83509482
2728046
91178723
14090166
-75355442
80020607
-57999054
-45486348
-83324688
64555210
-62331778
69467892
-17407265
-69431201
54840837
-94706084
-10134931
-66050182
7512378
-32609656
-1492698
-68868257
-41267366
36210791
-45407931
-12140548
-48093506
-98100858
37053366
11286518
-17361734
-19051744
6854132
47893671
-38554532
-9099764
-3502408
43293426
40659388
51125489
14544169
-90474485
-43301888
66903437
-57463378
-93039274
88533919
-62703047
-78822239
-30454404
-91774365
-69950814
47567752
-60215834
-65714006
14679174
-97484461
-5188683
-18937935
46856566
-30148956
51548980
-82175622
-35019270
-83423732
-29952418
-46099074
75208875
80204732
-86912997
-5827422
18575256
65452547
-31738686
-775249
67909851
-63688799
61587800
-24275155
-71531216
-4353755
18553172
73189674
53411676
-93830589
-44359640
-12896822
-46985829
57299893
-42103506
-59802869
4283706
77176163
17012401
55229875
1251771
19977298
97681014
85155244
-29635761
-61588114
47634952
-37642172
7996931
8090127
-61363020
-83744678
-76122889
78661279
32786152
-81411854
57174437
76019369
20128318
68704361
-98166779
76200212
-44177704
-56977418
60425456
-47810986
66667446
93733630
-99160758
-49865740
-14715950
-79689276
-7266314
86590528
-3419582
43611418
89618167
-57785583
-61362203
71893714
41575667
69270564
-94914260
43833343
64741607
10239061
53744126
44149097
5675922
-96452658
42565617
73623801
71178467
13420416
75856604
-60204978
-78560976
-35488523
82290522
-68383715
-5825145
-74578014
26271705
66071295
-32755480
-61259251
33381759
-39525363
-8508565
-16994799
-23502616
13317590
39647005
80155690
-39632064
53849606
-60052086
53931447
31543990
87728360
-35586157
-67209610
29546290
25086353
24709072
66570819
-7157605
-34632485
65052683
-6196872
-98405606
90500663
32611692
87164074
33385530
4691736
80567096
-44888840
-24503024
-65148058
-48244689
82999574
66968514
59076092
65881965
27185591
-82012069
75237474
42103660
54634257
4540375
-81088376
79421063
-67331805
36633373
9431897
14265750
78772758
45249674
-18591974
-79743103
19994933
-22048865
19531024
30443332
-838540
50306426
68042360
2158691
42909175
14489619
31781188
-50674418
43225865
641793
-5964378
81915380
76759870
-72780342
97050603
-12213657
-87459017
-56090200
-96337418
66044195
73573768
69133727
-41758628
-55189162
-88863904
42785793
50029346
47764567
45000075
12622279
72205524
60594784
91784043
-25954703
-77497117
46859092
91795658
-65388124
94121203
59598657
57690262
10898480
-59260574
-44658358
95264043
-83488182
-42853545
-26160963
-45397526
14989339
95898452
-61561245
-48680133
38961412
41219653
63951743
536584
9677305
49177158
76728584
-47051420
6984098
-31857296
-22289969
-76075557
-52488818
68245221
18841186
17269762
73990371
49156951
-39472390
-23173062
-22644412
-5518400
-97033447
-5164316
83539699
6333557
-27155468
-57547862
-38377805
-68233267
8717090
15967766
95543630
-9316899
-35045359
-564436
-56675325
48728614
26025412
-11572016
15098167
-71595730
-30398689
-50693663
17489809
14754305
39503113
-77800240
-89676623
3573333
-87165535
98204084
-17486888
82199797
23241546
94577590
66735583
-71658656
-1359262
-14079579
36927261
98099616
69924244
-559323
33885312
94361733
-74670055
-3389743
-39291601
52925731
71414298
-14852796
25503855
-71522825
34188492
-34804662
75371713
-43163727
33459413
-63096148
-51790991
-69827170
22385737
13821622
24221356
30005885
-69964341
-94203483
-6012577
-60695841
-15232803
-64227178
-71877500
-76854590
-76226938
-33081197
53747339
2806596
-88992772
-3810085
-21306513
49097592
-33083695
-66827585
-51801560
-43120390
-22103907
46959235
93930036
-52830669
-58711761
59820690
38045071
59506286
9883440
67444079
1615316
67819853
-15525298
43825838
-29096792
-83242667
-2740937
12681968
26722293
73120649
-57262594
-49105104
-73688913
-5594796
-26648380
-7565702
-62191799
-1948269
-98766414
50537916
-31980929
14581805
34248712
-80715057
56895794
47415910
98170139
73388002
-36749712
-23015483
67664767
-82972471
-38870012
63198209
-48416433
-59503236
-27616199
-17357159
-66665476
-11254173
56858533
-17997872
91538460
-69343705
42113543
-5186429
-77536107
43857197
-81770519
-76092704
-74861152
49155726
88748060
-10137222
17685691
74951473
50040091
96717626
20792997
12269396
81085415
10384179
79389116
1137124
58291366
35790599
51506931
35554712
-31605097
-97248756
98238225
4766266
16927160
-32870395
28847493
-72709639
20318325
5249482
-11607795
-75570808
7724852
23193576
-73462430
-78887594
36013828
-37420686
40110032
-79907829
-88049364
-98583982
70065457
40308402
-39590000
-63180799
-20716617
-96035178
-40672208
-69660692
-77064485
-7503058
-67002017
-31395002
-64347827
-73598360
70503671
51692085
-84692397
78990182
71577002
54415836
59570578
44484234
76928595
-58029484
-23553349
49546573
43602916
-52364521
62357344
80056068
-16653454
79023206
55065771
25640660
-71879026
17463237
74292674
63563719
60711991
24010285
-50022564
95066456
42466152
64875552
33447215
-45504801
38797249
-98476368
4649284
7251713
1320691
92571361
89565842
5011720
35059752
64728866
-67922906
-42232608
79575732
10044222
43905679
66793635
10999431
-18087025
-94823825
58050292
-58398022
-96486924
96991344
80079135
23065846
-65125910
36043826
-89656597
-17590555
47004401
86689107
-76744845
-88139578
63631410
-80383360
43055008
74684577
4736759
-65221923
-48796980
35790482
-14520461
18916878
-87092054
-59165349
-92029596
-28582481
46983572
-73469883
98231622
88443881
70776274
57186228
-49535885
70016825
-94972554
-85739874
65468903
-47488375
-21907968
60168133
-51602731
18301989
27906460
-79706775
-46648142
9312045
20344931
51663428
73658804
-21899033
4296086
-9375714
780904
73008337
-65299353
10645639
83882485
4721877
21739558
69693962
7401186
-31225435
-24189320
45272197
73761422
3431565
-98440198
31341068
-43824989
57494627
-37357649
-38625275
65725810
5608283
-17620262
3119783
-3534658
97166412
-70708331
-11337491
61559261
-29520100
90833301
-16782966
1358906
91181018
20891
-71595434
-5425996
68462913
58062905
13597325
25484288
-93947502
2433405
-7279293
-3053903
-50205712
-50941553
99282489
80525576
98364785
73904113
-20658836
8738813
17349861
-29777138
93330606
3113035
-60837944
-30814758
-64641689
-31543869
-94483881
69647844
-26659071
13264085
-83724931
71790248
-90450129
-21776257
25224285
-28073821
-95527373
-23868269
-26543490
-44694173
-22979256
-62681975
76536191
-4998586
30440920
-8319211
-3499399
-79882523
59766806
-58512425
18316470
-78351354
-16619300
98279082
-36557698
11763693
-51893176
97862289
-22913410
-23249921
25403249
20786971
-10176194
15504403
8666959
-54826447
-28570872
70496733
-14776657
-57323062
-15135748
72803485
-66259020
13019259
38959880
-32719452
67271805
7294296
-90657065
-78684114
-73890824
-88358232
24440353
2103519
64062155
-38456780
51264472
-55400987
-45381390
90389601
40210804
-47356687
35390814
20428165
-21686411
67219291
68425325
-10440260
23287871
-85187438
73621644
-32911910
-96099016
31192365
25889807
99075174
5329044
-95295040
-83187037
-86511018
70742030
14806839
17859690
65963639
74189827
13403014
41138962
19867095
2527085
-31918427
78819799
-99953318
5975580
-24723516
28876710
-70942471
89447772
-57206710
94647895
-29226654
90621570
-36666540
10731968
-43909718
-5921060
61953972
-65520597
-44479739
-97409597
14414184
-3939005
-93696701
29252962
92911525
-93680691
-3264865
-33005091
-30618216
27420373
-52727111
-73043105
29690290
-3205466
13602670
-51644685
13199971
-96279313
-81977466
56146550
-31627168
-88878072
-82115546
-87880689
-9518632
81332115
-79984973
-53771006
-84102910
79976938
94698282
-12920914
24654969
38564809
-44292427
-22366325
-3771719
-71697871
4100382
86325471
86915853
-39805838
-12896016
-8073369
52397826
-41801286
33162235
87321129
98406738
-48460237
-83857007
7803133
43805379
57062609
46667031
-52393475
-29390061
-39155641
-34191000
-98897555
-34037331
71125571
6643859
-80953155
-81096904
-40701132
-11536362
-11518167
-69899245
-46294316
45947384
82234609
-83017647
-40210378
55311753
88301859
-73875257
51310834
-34978484
-66326959
-45268909
97744024
-94514516
12499009
-80392961
51244427
-19303412
-61828449
-61964434
84802096
31040696
-47579251
29422205
-59052720
-24060458
91548280
-88894707
-68228606
-34733269
31946425
-82120034
-36073413
34776131
36949639
-44920129
8016051
-96745159
-20227303
-98691269
-8493557
-97837931
-92316791
66895515
96986570
-27196593
47673362
-62613321
-99133535
71165503
55159274
-24284811
-771114
83783300
48776813
51837569
81945295
-89831934
22754850
-32008229
10923566
77929942
-84116075
-66879392
-30677028
55383359
55128125
-28792505
60570275
-17523937
-64136604
-78200251
-71218578
54597546
-27451920
-14149342
-27239653
-94728260
26936034
-78358251
86555439
-86575898
35504852
-8353017
-24748157
-86827178
48906291
-80624845
-70954892
-68778538
-5408811
92699714
-79209945
45065148
-67488544
-13104030
-94403960
-19555399
29536889
-30445726
-58841512
-29368312
42991292
-48172512
78791431
-64893695
10977066
-23956286
19767264
26575922
-13013938
-63117522
-9775420
33937469
-72316245
-49107437
82106164
-40187209
99990898
-83583836
-96728826
-37147563
-7475535
-80592428
-2579414
36857159
-36629065
56444027
-16563055
-47772905
76815062
34598594
49790241
-92840875
1775637
74549962
-50800897
26240223
32747093
-87756516
78832087
-43670182
13996593
-28802907
-46916038
-66604543
-22735277
-96725691
-40090609
-68886809
34625094
63019631
90456606
53383689
48961393
60264178
-29206286
69509
-34463446
-96764880
-5955896
62472945
21321656
29823812
-415945
48288990
-47341530
-38247871
29765193
-79813921
98136495
59953112
-12281609
75424844
36267586
-69694550
69650292
-71128808
92942058
37994438
72199089
18382219
-36029666
-990045
-15246188
94959787
-6285519
-82529717
52324127
22428916
59715553
63232504
-89657276
-35395515
42795433
90053290
-87730124
10617005
43880018
-98122537
64340248
-36402371
-6657556
-55958234
34468672
68003392
-81495341
53693230
75289752
-42337574
-84222218
-42025126
-34406204
-99899045
-58579063
22822840
15879454
13466512
-39766075
27431430
-55835407
-31232980
36229185
-44325165
72665824
-90574609
79129480
84714194
13167453
-55355024
-42118796
7458010
27347175
-96400809
-41124819
-78711042
-31567100
28103662
-87226763
-46724113
-31241433
8895691
-99112210
-7534624
19888332
98182590
-67880614
-18705661
69622327
-78850043
-30410042
-1595774
5055841
36388449
-67619793
93832466
-62345274
-45126612
40717299
-25969061
34746300
47617820
-59320611
-70488834
-20000258
-39629920
-7121663
77213115
-78337866
-3176016
-39106103
-58861305
88933541
84852119
-69454012
-86728447
44197483
-74620676
25878339
88714646
-12433579
34074187
84729290
78656739
82077302
-83827332
-39400387
-37171142
-71897519
30580254
6549703
1496033
-63735508
-44248058
36631608
53700746
-98770290
-64850035
-56579746
-99817921
99279260
-75335449
-28657215
-70822314
76545119
86551329
-16528219
-49767560
-41584163
44911721
42647605
4746778
85557565
63430305
63147806
-11366361
10176906
6250136
-27456822
61668089
93264816
-52760467
85094657
-1440824
-31515304
-57800046
45824827
95784636
81553090
36963912
-11792290
3948782
16199179
-8196526
13042173
71287683
47342092
52797963
77946689
-70074458
-15283810
51947640
-26345208
-13004394
96942976
9349136
45853425
7388413
94308116
-66190479
-71704918
-67611797
-57087666
73381455
-84344493
-38757486
59008234
11558053
82941286
70359631
78047030
-89751316
-22582937
9151310
79185453
-90319491
22248265
-70572382
71381613
18010237
-96598559
76961343
-89537884
526754
-80733181
68267169
4569372
49753108
-66060686
64716988
90706312
27376670
-14830977
4956811
7182542
-29185985
-93698608
-62823971
-66854260
-67308
-34082069
59061220
52498586
-99101334
61452394
43735081
99321542
86592680
15830378
-93879679
55085934
-74825058
29574252
32644674
68637529
46906049
-57492267
86916507
-93332872
49923591
-67155634
-49338807
-80471245
5673707
65038398
-57715600
95561720
58599123
-4854481
7205489
-82504536
-74323000
-11954336
82181936
58770596
83246690
-84108666
70570552
58879365
-35067995
9789991
13801413
-55083664
-96655675
-96193893
14823651
-10066240
-45597079
75555374
6727305
-79445025
-28186352
-56674203
93350925
-89786204
82722135
96453170
-29640833
-37965068
-9259444
-23888465
72317217
83418469
-22635298
49479203
-31502047
45257690
99894805
-94588767
-82004052
-74668966
-69098959
96811573
-7712218
-84905346
276327
-89511451
-76472732
82897258
-40100984
-32809421
19339466
86044593
-49561224
-79356085
-29930906
-81423078
52239577
-32358330
50687235
-71948721
-25078419
77223173
-35140509
-30159404
-4564710
36109792
98053463
78435210
47187277
-49277126
-55857709
-47624085
12754007
-53920858
-69839425
-57354606
28176308
-70180556
-36460673
-80817800
10155258
35033419
-51510670
55175587
-42128254
87769736
9819174
-81968094
50440883
68492552
48238615
-12478265
41756393
-65292835
-56070131
67094846
55228927
-47869309
-13311740
57178652
68134075
22409670
-64013813
-56541953
27948252
-72824075
89061071
66837264
-30486858
-74272686
827621
-53072706
69110440
-92109615
-93065444
-24739252
74614757
-14172489
-97370657
28764698
-74852353
-62978657
-17509402
-92797787
-39970143
72450907
94305451
83645218
94331123
-19300848
61950463
33507785
-27127811
-64718230
31872072
44948405
52654501
-10215276
8061575
-97425367
-65643388
88848622
12240806
43224974
-42391803
-17549685
35165001
86164835
-85335603
-99123184
80478901
-7188425
88280098
-50534529
-85562996
-69750962
-22694501
-7463518
-37402801
19986073
-15605839
-85848255
-60712487
519704
-63266713
36371060
95449339
2558956
36748167
42957560
-65800946
78645159
-23602009
-58784777
-85360028
64046988
34711263
-33058573
72088619
54624136
-86109343
67594579
18643508
-56518867
63606578
-17912799
-44436430
70502126
-22868509
-85486452
-92372131
-77742700
3506293
-68507013
-51938738
26071200
51188953
-12734307
13153550
78851699
97720337
83863879
-88101981
45901404
34100417
8718442
-65164101
-15966702
-20398020
-17878477
35540025
-24758929
-24346944
-47209176
-91863014
-40548334
-83764462
42637538
12158608
-36496309
22282097
-48056509
77144458
97193081
-75069094
-56324824
-40483780
11279251
67313300
-82150916
83840334
64617125
-93075667
-57603984
-92400566
49530362
-80820651
36502700
-72902108
-52341926
-88882322
-40969151
-64185663
-30402103
-68442941
88102827
-17660450
57136804
-67010844
-78480692
81816127
-29936339
-75249999
69579965
23747332
81783314
10910071
-36646460
22064282
-93251765
-98043119
-31262286
76030284
1991102
6284232
7790526
-27876206
48287235
41738048
69476810
55943544
-16168818
-89465134
11823596
36728187
45151187
59192323
39311925
49386888
-27126219
12153338
-93480855
-20645653
75841918
36157280
-25566358
-64960414
-24375537
-85256668
-46930080
-41368656
-21344729
-82423016
58661245
-94979871
97926097
59537293
98341427
20107783
-46128492
-2619954
-41007024
-13292987
-13615571
46631123
93351716
37152755
-22939235
-9858374
56208841
50356812
84305863
40506669
7251499
-9045507
35337411
-55724193
50736444
-53446889
-7913677
-19811300
-69473939
-18660396
-69316212
78786857
-79471797
-88933213
-81609509
-88601180
-33286340
83425589
-38421692
-39249166
14642339
3489377
37852231
-81412747
14062400
-73458681
-11373502
-66121018
-36408799
45072199
4458957
-53229472
18057652
44699327
-9293947
-78770043
73191677
37133671
815279
-80002220
-80976474
-33574873
-85764157
-91114339
47058593
58213916
55273896
-77252187
58715064
87004009
91504068
-59965311
-52313788
-72816237
-25024207
9772269
-81410359
-18480123
-49280532
48160687
82382153
59750890
-203021
-51076419
63527422
-80755693
55326207
-19319610
-38433841
-88804532
-44064443
41511060
-96614088
-16782621
17988265
-83455080
-55569469
75365253
59294008
-29285118
-47127547
90360097
-41793467
73834616
46912178
-30044595
-2239477
67046264
84722272
8302182
-25821540
-92042919
20526705
43008247
-35007872
-70077650
99058546
7997292
20777309
60324451
-72558318
76964940
21602223
-66781576
21639368
65260678
-30237227
14937127
6103662
-12805177
81854740
24770812
94026310
31026936
93536258
4246969
-85566964
7133098
-87229570
13668111
-47283734
-8276586
-93431671
-62391824
-27499112
-2595155
82311614
-77702128
82891013
-73136024
-82724922
24848663
93899684
92690843
-8785177
52452210
31119992
22009515
-52549029
-56435612
-47643204
-29411047
48175213
3045271
-83455629
-82070248
-48790612
74774924
70909502
45765973
-60820341
13587253
76175721
43064710
6144941
-5032904
-15516556
-97727457
76329561
-47123448
19775402
15653711
-49474441
83202202
-84099233
-10966051
6188093
-69520325
-32854275
1657578
12862513
85915265
-39021771
-14609205
-27305212
-38107313
-28084817
-89450411
-82794872
-85612605
-48519966
-14239517
-20895031
-64206951
-85052205
67884334
46787543
-73059601
38700140
45825367
58740923
-6927448
69452541
46890981
20490808
-79175172
60584247
93444528
-90819962
-71702449
51569302
93487306
51010106
-22376131
59747733
5986583
82815602
44808045
22541633
60716123
43383018
70387526
82389295
-29940182
7661902
-62681893
80506481
-18057558
-52770233
-26356169
20600007
91696095
23680717
87411984
-52396722
-49591513
69170297
38338789
51331742
-99470239
-29220774
80533025
-78917346
-57949583
75263507
33003513
-64026536
-98814224
-38092434
16683923
36972301
20194165
97079158
23993503
57139577
52411862
-37470125
-8609396
-52375828
47367161
-79303787
78638817
22264773
-78990912
81375912
74315126
18693021
-24736706
-70916699
-27267385
-91190285
-47949004
48272346
65187110
40265836
-75249506
93371534
99700332
43124030
-83221421
-50935196
-98818998
-84631
-64974234
22303789
-74727936
37138118
75800370
-90333901
-48503178
-9172337
-96158154
65701527
-92790451
19837235
47580304
8804812
77464297
-33139126
-99887886
-56787852
50158263
77561520
96515591
-67998280
77473353
12357146
21928540
-45246579
53860644
-70658907
-41492588
-98098339
-55252916
54862063
-56814219
55189672
11471863
-30359838
-22351393
-88283447
36976372
52793458
-43195913
90409675
-64526898
-66534573
85461483
-11159269
74602971
92059337
77199285
59392639
45113285
-82610611
-94395663
27226531
-14415236
-59456501
70067724
-53921892
82902479
98694060
-28373372
-26076767
59776030
29715689
81023398
-30454448
-73365625
30577777
5101836
-92276404
-21351586
-87994235
97522681
-20864400
18076870
29314767
-7324051
-43182814
-82594864
77561216
81871376
-52120066
-88863481
63180291
74299424
-64913113
19885565
-35377233
85648927
-89843377
7290878
12794147
-90027372
92258814
74702489
-63621344
97859303
94508376
-53055873
76355849
-93195063
84629831
52833998
-61656017
-60010562
-89117026
-96094890
-38052809
50374107
46569701
81228301
-71699636
-81091899
-67528165
-46613198
-45984653
-38695472
2227256
59873756
-84796805
-5867711
-47178940
25505798
-48834853
86701260
-26978294
-95134397
-63830258
-54510490
-77825476
34339734
18052679
73077066
-13586008
-28680672
-91819922
-20143091
-60225655
-2894484
99161485
26555942
96279340
70660335
97845366
-91495183
-1712187
22846593
88754897
51462183
23019719
-40391435
-94525936
-15497154
60193617
54392541
8869626
-15124580
59543661
73773649
56752068
88958118
-70956726
78007114
91223982
51303708
64052050
10611541
29674104
20780462
-55918576
54621425
51463432
83298130
-16955461
-3642073
-1670670
88056676
-97919656
-74508902
-53697138
-8093676
-25749396
-99240822
39143712
-17359159
-27755292
-20628965
-87385059
24275492
75190163
-17741886
-50837817
38353928
21320526
-24728452
59076679
94217042
-34282296
-62269473
-63296729
-70329861
4182913
43641500
-68924448
25034124
14693500
10595762
92188921
-77883078
-61787714
25312594
-60271342
-60780082
52309216
75676925
23837871
13554204
70097786
54993461
24825576
53214965
74385006
39683771
13577542
88472135
92447829
71827986
90068985
-81582286
30282310
3461350
-48060675
-27267203
-82404963
-99691024
50690760
98206554
-47877758
-12132768
59025452
37369696
-19987139
-48441326
23725710
36752427
-19813266
23058990
-36680320
-1748874
-71947040
56053064
-98250083
81582767
5373044
47237274
93395913
-65684272
47986174
4767303
67014357
-71965243
-17329649
-80919613
-72633927
-83084105
-49297960
12200067
-44275307
63436205
79511250
76030298
2666896
-65332876
36279239
-44087634
-4193844
-47005133
93814194
-7495278
-34022241
-5765373
60946486
-26073056
-36469367
-19402036
33243862
-68091699
89683308
38068433
57120696
57410607
-66549197
-35501172
8593623
29036012
89537057
-42285702
3802160
-82081598
-59771414
-87964724
-39458380
71809315
-5880420
52262629
6630871
97415499
-9027496
49632625
23684450
30472229
-28337176
76977372
84824316
84216377
15883189
39459101
-94037725
-57759768
-85187056
92073234
-25065681
-90332313
28181339
-95770645
44333213
34763281
61983202
89267397
94269641
-34320523
91378822
9416719
86902812
87809237
37529788
-76808393
6270836
-8434690
59370433
46955316
-95219878
55290904
-2003688
-89554472
-5643708
28263706
28927956
-26160457
-77342618
-11488308
29253298
-72898957
8524478
-32795593
33928671
39848307
-97156810
-26833125
-66991383
-86295130
22894933
6237833
-84464023
96965778
-80287495
29265238
60626966
34616562
-40943659
92596846
17258217
91870818
-65893474
-58486066
-51491554
-26925035
59805655
88806497
-93730557
5596687
-27054372
11575932
-99416629
7206108
-52606685
15813736
-91905327
64432422
-21637902
-7097738
-97552373
-62125263
-45616775
2415446
88716911
96882134
-91317079
5581240
-64635404
3434080
-14161252
5983357
-20231981
-56085652
-50582343
22338581
-5896040
-72446684
96940636
48290472
-70444181
-30631549
-79318026
5999152
-63085836
-90891351
-26406003
-28606377
-32746353
52020966
-5874880
38635466
92580871
51447427
-74577423
54830035
-79264548
93702429
-33782408
28488767
-19851662
48699899
97224291
78875421
-99366247
55243109
-26776778
-31444041
94200968
11660109
-70312502
36806801
-79504606
48557144
-82791782
18669040
29091227
70441628
9604446
-90976315
80043509
-86018031
34168771
87008906
59451699
98321928
96990760
51882837
-72667592
-97532686
82855411
87386126
14651455
-4708752
62362161
42376310
62366968
5967483
18826566
24208336
22608052
-32773880
93373346
-81243936
-60820325
14359589
45078411
35852784
40033163
-32324776
59723431
-93371537
-17088883
-56847800
55789922
84530351
15442575
-23018279
-67294915
-61709696
33204988
3573579
9301285
38235599
-97890407
-4789601
-82191468
5390865
-63261896
444943
-3275988
-33052512
96229728
91782722
-89738796
31985564
-71889556
-41202874
-71957551
85565596
-85764138
91292236
59052131
-17003676
84860595
-25570547
-55931195
62794139
-43591278
-16938451
12135235
47468827
-3622507
32882545
82111395
-13933695
99565939
72720208
-59579181
-9995168
12220773
-14347513
-11643140
71526455
30392769
83302971
-51729107
46179183
21027902
77085538
-62591748
12230205
68338811
-26860572
-49726343
3260410
73766760
-7333293
74666655
-55045600
-73497563
-68735369
-69057523
-50508884
78598942
-23517296
3846506
-88927411
-69976623
-57505831
20767762
-13090625
-50698991
28755478
-30346863
-27442336
53666480
-27336517
61393835
8093354
94383361
86372615
-53291091
-3569116
44457029
67831122
82062847
-52635983
-56264811
64961657
64062717
-11334512
-63076886
72728813
87327149
-73249338
6716947
-42595301
91528326
-21633006
-39204411
27521263
35956229
-66828802
41729416
-25340425
46434176
-18248033
54552525
-53195066
68256943
47802936
18061883
-19501528
38578459
77723743
-20447227
22793664
-50279861
92696817
11156355
-37646169
83511302
72504726
7871976
98247553
52136780
-54082983
-36020452
-61723421
-92437541
-87160799
-48651401
83730640
-77224775
39754504
-61700572
-63211150
34092040
-27641696
94030298
-44915839
14399493
92212068
-34296064
-70162204
-57628945
76076722
96122187
920637
-15128244
-39146305
97998974
38870271
-63268197
48934243
98488036
5849519
-38281172
32911391
58413852
42720208
19687163
51242270
-56409441
62818610
63930675
57292911
-88880790
32975987
-44680001
-91122325
11316652
-6345187
-9949595
-52170858
70002945
40350435
-18109049
-19914575
-35395577
5460003
-50126097
34069797
78795219
55746917
-12002155
-78599332
-7922808
72370549
-26571253
-42640531
55684474
94717571
5361027
4047647
-43362815
86958977
65248043
28766631
-28875447
-32381466
7607067
-25261585
93993264
46488273
-91268203
-51044467
-4724287
41612758
-19370034
-56507507
-36291428
-20031087
-22383654
-34971612
69610041
-55783544
-57701749
-41124925
-67371720
-11055401
-11888632
32536148
-69753390
-86248721
-40113292
25996059
-86311501
37932624
66852391
94035095
-81771173
68856058
-23340099
-32623762
98240060
-41116333
78949324
-21661494
-72183448
-81290256
-43263677
40574966
82790515
-92412641
3504813
60183915
87116462
-79414348
-49115026
-15780965
50567119
-64356701
34897596
44118310
48464188
-6480176
-83552673
65344966
-59590067
75901725
-29676970
96720030
-32326529
-24895632
42170440
56928065
-5425283
87623652
-62473703
-70525488
-43674980
50791588
-85831186
56332858
-14062567
52789044
-84140870
-99533103
-5050014
-36151134
23061447
-9046651
47283047
28883461
-26494955
42624679
-28184412
63722685
-50474477
64204302
-15762670
-73130714
95701647
42777337
93018631
-23822525
34069419
-26759926
-23263381
-87441431
-12514829
37222733
61461214
39283389
14102911
3005643
74333493
-30987183
-66269732
-10781753
44066807
59999238
66794957
74825761
-85317067
39098464
-54035686
5035319
50204331
-28353213
-93208819
-42527201
91967812
-13617382
67495811
97750869
-32528943
70296424
-20197883
-20747796
9536048
-58516889
71252081
-60613450
11093776
-27362280
46771947
-88285002
69652689
44552644
64522932
70763869
-4756683
-6852220
-57331155
-79827620
25616859
-56741672
68021275
-53819843
55053267
-41075046
-75581614
-29926147
10688210
-8662455
70785843
-17791553
-97326658
95939233
27942282
-92560455
89308742
-57443477
77861647
88449492
73201467
85812735
32722473
65952540
-55755544
-48303096
-14672425
27288540
26049290
79137521
-63985471
-30634618
40985798
49856354
85900842
-9261994
-59725547
-21390346
87589953
-20309843
-56429669
77105380
13646113
-35395301
-71141209
31186197
-3428367
-86392622
-72525807
35702753
45680274
97376558
93883825
81932591
40783270
-62708390
-43166202
-86035447
-58431502
72515777
4431818
-21078861
80442669
-24644331
93125496
34384228
18344940
57259625
68178571
-40940697
43827905
70679365
-57317429
-11684796
58951035
-65146351
35549248
89480818
-72643912
-28211196
-15875635
44142231
-57305240
39831579
91102605
97912672
-6800754
11077096
-27234294
55442780
-29368901
41609190
76840528
-78303366
51584885
40375864
-10290426
34530775
-45580259
71038059
77319401
-48073988
38740118
96567281
11246810
-91517972
-71330174
36456148
-94441849
30540805
-18608582
-76121503
-10218254
-6437711
87203015
34070418
-97204109
86437893
-30227694
87837991
83342876
-4498908
-8799404
-74472185
34481770
-78158180
80512302
-5483388
-17545727
-42207803
5962373
40597212
-54847349
36204475
60005056
79188112
-37850549
-4155788
-89058182
-8399618
87081943
95353766
-47442577
-84073538
10254511
-5769258
-14002119
-17876463
98962094
-84446518
-72446360
65464538
10232098
-13919323
-6654111
60564007
-51651109
-28469545
-59374579
8770363
25183319
57625672
-50434798
2200884
-67888237
20649888
83600845
99879653
-84788147
20450716
-78277323
-33476776
17707000
29810355
-65369236
14073580
-70659813
-85214047
51005234
-83334393
-61666151
91928001
-56273904
-20732181
-42042790
-81758780
88279022
56837471
-83533030
-60227706
-7933113
84745706
65767108
-43446844
57314888
-64552253
-9315837
-61698511
36257279
-30352835
-47287326
-94818483
59571612
94396448
-87241345
-17821833
51622096
-42460146
-95315201
17339020
-16236273
84102033
40604314
-185693
47752166
-16773887
-97277699
43332087
27804260
-44152122
90649751
-18518769
-58480463
-49494766
-92599505
6851457
7892002
38621516
8668679
-51378907
-42344141
-44615757
2940842
-51273149
-37567351
60615741
29675668
96288374
-30130362
-45723446
-46438801
50833802
23653016
92422225
-42910868
72562122
94067666
-1578658
25974011
77308071
-58119540
-75673197
42477919
-14926886
-61233609
4652785
-92199039
-13747738
-50927316
13145162
-47126522
-16018810
-79375064
-9442326
6572489
-36393498
-84565335
38396567
81025146
84115146
-38794172
-34049669
12434918
17964370
-2681851
-76041062
2006592
-51298312
89966756
52084562
1093302
36603505
39306045
15454286
5388355
-18985779
-30174823
-44404662
-6631447
14089876
80659574
-80456305
20291203
-50619648
-51303194
-2582
-36370393
35650649
-53542976
-82744606
-59098142
-69142173
-67349051
9476176
4167678
76511933
78157193
20690802
-88917074
10232277
-5284848
42204770
-76025146
-35012506
-25336042
-10459656
22724484
99999320
54488901
96848369
-76370074
-42045797
41501643
-14293081
-68504593
64871048
84470087
-85306337
-28613445
-77651525
-3014103
60953011
-64526970
-77035502
-92081485
13520520
76114447
38091437
38545348
90047465
10097478
-69746606
-27213713
83673622
51444960
-3033279
-24363402
-36358994
-60308138
42094427
-44963599
-34130134
-84190647
-10977320
-943097
-42680678
-3197138
15031523
-679602
-62261800
-42278963
60664973
-9765563
-27114128
58915019
75379538
-95524619
90204332
-44533017
-28440167
-62675051
85267375
14306487
36694272
66875894
-44832353
17814327
85802016
52146366
31662273
-23684383
-8534327
81643080
85873738
24614305
55481745
-27513441
-31996923
47847833
37765120
8619466
-11014493
83733245
-12971003
-77164906
-23086944
66388
-22923563
-58673697
18165877
-99880816
16064730
84920105
-34906435
-5486632
94268436
-92481044
-77138862
22183096
4904425
-24855978
77266516
83486837
-34673296
-25892941
-48955528
16884645
62359619
-80316505
48993276
31770432
12462485
6461680
-16545620
-84430897
85390256
40333310
3639779
77642763
-8317293
89096447
31872186
19778420
-25512298
71439657
37087498
70599771
-99452363
28359221
-99175278
-18243538
96612789
60449662
65921834
72647865
-62011343
-32064630
782672
-75328272
49384499
88655890
-20895245
-64398930
-57285977
25565079
47836579
31394198
-5045009
51776735
-94049606
-94414709
-53820707
-67324913
-81490839
2597952
97205953
-29530707
-90769972
-74995836
-9730731
43630507
-3129910
38962807
8135299
-28355089
17581181
-69344065
70714392
22864186
-339887
76649782
37773360
75089714
-34665291
92050789
-34760419
63547953
74003174
-91425159
65157603
-41901349
34841266
68324890
-66868929
99989999
-68141534
-16803622
77990818
-68592392
31574547
-47861394
79892282
79634347
27546802
7677106
-54573107
27181612
-35228706
7456537
-43756008
5599685
-18404570
91161850
4950120
87184307
-63713286
-45305685
-13374862
5165727
-28019596
-49000929
5979116
-50967807
-62359776
60171815
75742091
49246369
-99226437
80400346
-41038549
75546304
-6334885
-49538699
-65781566
-25259980
-96943101
88572725
-89902444
-49890435
-14071689
73419698
22433188
-2494123
-81780161
-4650774
66721132
843909
-72153093
41780568
27928834
63579403
12487987
950173
-42963245
47249624
-56044627
-43948680
-7631707
39953750
-85259392
89991037
-43191482
35850952
-48369139
18567257
-52219659
-92518028
16648631
-55970960
22346015
84527186
-13422999
-35168051
-17449939
18159928
-38816747
-50025670
49931241
-57337231
51065450
-63455352
57377357
-60941178
86250489
-37742192
-56849056
-22248305
56033162
14796265
-82553509
93231405
46431838
-78662277
-93544854
-11253115
96915776
-77996833
84295288
66923823
-70169506
-39955136
28079433
85386423
36848076
-28025564
86396593
30397056
21787190
14205457
74334745
29442075
94785682
-88990740
94270553
9714697
-24903700
-78814363
76234238
-85075333
-77160124
-60684444
-14262260
77102754
-36852512
7858159
15574663
-89455406
-55454960
-34303314
-78530540
91528455
-15400013
-82551378
-5232600
8640273
-80375586
-70458107
-12358234
-87019565
-49709756
-1392982
68166161
-39367692
-69551464
-2785356
52677574
-96188055
28170158
-98623818
26202160
-69709930
-21024431
77848689
-96917654
-25258451
-23166911
5829020
45947388
40529396
30576760
29519079
53755418
1621510
-36077444
-96790561
-64349632
70410578
44163585
64873166
-81727391
56895192
79110009
-49870113
42624389
-42170934
-93406455
81079956
-64792666
-71603361
-92412705
-15385126
99200155
-34065764
40819541
61944886
-60373993
84421125
-32831936
6229555
52855754
89680760
-84944177
-86879879
-17801179
-25124460
2279810
-16117504
-88385631
86804685
-90172040
17267921
41434994
-12586431
-96469295
-74962099
8145091
-92538267
-40930688
-86568279
99446407
-60058356
19701699
-32540207
-48904277
-43275377
12699313
-63359544
68220625
-94678439
-70142986
-84428118
-48875955
-11482068
62010781
-7666018
86597844
81319733
46871278
33587573
-50712341
-78797494
-43441225
-44755753
-42723456
79379840
90270375
-77784767
2718251
-58526973
-35864292
-71285367
51851198
10674839
65909091
-5604610
36496971
-2898872
-82872940
69842281
69542576
98015240
43570494
-6770012
95005872
70811937
20443024
17870099
-4615390
5642547
-96896615
-83432740
-50937153
75180281
42096902
-3133637
81532281
20110142
67766933
-5633144
1327638
-75949161
69990876
-5355318
-9518377
93611050
-44337064
35160107
-79087014
73481386
-92449601
98468912
-79267
-74520249
95697372
99864247
-23156873
-46485526
-53261317
91462291
11992844
-6936539
26842704
-20063796
9326908
46615393
-27076867
-21531576
25066811
-80514859
-47786243
-30152624
-46590624
-30081058
-81665029
-84258575
82034318
-87563961
-21592498
15602524
-86772456
67334758
93320612
92815198
88368965
-55814934
37702398
-66232114
-30378494
56304364
-47325196
-55089691
1686357
59882376
62887895
-81298152
-91478996
-25673979
51552259
76117055
-10658998
40195969
41861463
-93726493
-66677493
-54431733
-34248745
75965821
74945192
-31583002
541414
90054801
-14768508
67625997
-75384916
-529500
-64415297
16875062
-85639044
17438446
-48675999
-29891560
47879461
-46114326
10344208
29003200
-69916465
95003528
-42311152
-22142782
-44809721
36553843
57996780
42884819
-87444966
85294709
-8413177
24076599
62467952
48746043
-91271754
52699502
-66500022
-77663680
59772263
-14365361
-67871547
21010646
49439597
50546327
-98589102
91359427
93630100
-35532742
95272786
70133850
-83185251
84444308
12486799
-38884752
81185953
31597669
-5469088
80489928
-11756918
-51942265
-70731318
-47183043
95873273
65218627
-49001860
78170039
-57545805
-5113764
69041250
-62239818
-54945766
35845260
8472957
65560149
62055862
20949252
38685872
68409564
59525276
5158835
-92261838
-57808689
-28796313
-74317374
-8811112
-42389188
2640310
-62756805
-45927846
19056531
-56800556
-26175440
4719357
-99933532
83902886
-84243275
-49489060
38058407
-61214986
22601859
86347974
99422376
46135245
47568283
-34602035
-75714136
-54628291
-12716993
43629378
-75118397
-81476709
69504288
-93996493
53507947
-10153999
13149492
-34733500
20759621
11789235
-11304943
22077068
-12917603
23666513
-61340286
-77948989
-22158158
43370187
-27894642
-36300384
84500613
46055031
-66345329
37757919
-70520414
-951888
-52441968
-86189600
16659901
-48827702
24714915
80212985
41688255
-16635958
-15583954
-20121891
-84225147
85048707
-72045830
-11046727
8871083
55176098
-84685347
-19673123
77027414
84482595
-18415649
40638097
-91026387
38599663
27526238
-42785324
45721525
11350826
32661266
64237559
-77093198
31291570
-17229878
66951908
-91480957
-88772591
41940513
95959709
-57396511
-70961670
76339666
-96209871
48825812
1149195
-99654728
-76307181
41090293
-6363298
-78903444
76242947
41419765
59917887
14877568
83951357
-21559274
30252034
764149
63979361
-8498252
-56028786
-84630340
59391221
-23328959
-31755734
27281870
-27488858
-44507301
-53240318
31345095
52184802
7946170
-30983481
-12522532
35197252
-13967934
57427905
-36857773
56989006
-16562456
-91809052
-61229885
-67662107
-69682573
77632641
39948523
-91462446
-32089263
-8092052
-44154967
-33187549
20339812
-38024962
52387297
-9164500
-4261459
-89617294
-85328421
-20894420
-88823169
19212141
-61555078
-19404197
-94976944
90905587
-17090183
-64368862
-15243056
-22260728
51055002
-36201918
5744863
10154781
11996084
49354271
9043377
50516843
24540078
-37880913
97111901
-6087913
60862519
63079227
27689354
-20518403
76699793
-83681505
20517013
-78228460
-90736039
-94347380
27263222
94839417
88950443
95434261
80053287
-77572404
-97652724
-74354314
87106339
-69180062
-60014958
-32886920
36457484
10999743
-3026473
-68291360
29125597
55356804
40746168
25389159
50110618
11459483
-64756899
44310862
29624119
23855528
-64202721
-48508487
2998414
43418237
-37758017
53187510
91275947
97440933
38935930
-82350276
24652378
14255337
-54897837
15035432
-80441821
-94567398
5104972
-7928153
82803543
-396897
-53460433
89372395
62372539
6443734
-77498550
-22313251
22991147
87169009
3161425
-49128143
59939994
-96829654
-72353610
-90927498
20581881
-11293216
51298275
-40293892
50545331
57531182
45148599
-65739059
47858659
23476054
-25391539
-4988717
-30043492
-5943498
70123556
-43234115
-67216543
-36693165
-84924991
36749181
91904354
11718733
75172043
-87106038
71107287
-70612602
46212420
14768224
-93925239
3330753
-20367213
-40619194
-82826934
-67570586
75536541
59278322
-23148781
75681916
97341026
48157305
-56091463
-24668479
1249381
-95402460
-69995050
59741477
-27555303
-30666527
63455022
-85909133
26945981
-81992998
-77928108
-87977366
72227004
23720074
-17082817
22753834
-93859566
-47769199
-12746170
-22590276
-76686171
481036
84906238
30185093
-9319392
35163709
63720536
-38338664
-57924349
-48825256
13050932
66034279
-49918631
-39054366
22598217
-89448974
-13429445
-45467887
-58387316
13545322
-68839456
6808426
78232282
54216081
80879419
-1148938
99464063
-13085914
-47834227
69518747
21489303
69236405
82784972
-91543338
-41802820
-40921682
79694721
-10923825
34225393
75719946
54032931
98433914
-78830855
90537708
8360409
12726842
-4429516
56545594
54351464
-94928151
88586551
-21728042
-63308553
99604543
57143803
-60537165
-7438334
87147290
46186551
3942263
50227745
28134225
45908564
64757480
-28849656
35111198
-55118842
84315278
-41898812
65278876
-93482226
-86813126
-16822756
-40302027
-73703798
81209804
28529207
53155251
-80114047
57060038
-77431676
-15451799
32582127
2227340
97939467
-55550554
-85336639
79395536
-9836874
61103582
-44101707
-89182835
-51523591
21887344
-44273273
-5248034
68925993
-67623894
92109281
17687059
-61029037
-46244697
25199098
98313849
31091560
-8260312
-4576766
-8998608
-99131643
98847545
23315344
58016807
-64127654
85401811
61233803
67816902
12990873
10922588
30690735
-29118996
37578751
-23098930
66138536
64075260
57251695
47262007
-54918859
74006192
7534007
-62304054
65537715
52886071
50824113
92826208
82973831
-20335535
45532875
-38392685
18800621
-61813263
-93130589
-24383253
79149174
-38354420
-13175857
-94499452
-65653015
6003822
-77447568
22731836
-81977166
31400303
-9120888
-46526118
25966780
65993382
36674413
-27560847
-29839461
28975125
-33118093
37346342
-73566249
47896534
-27301978
92925088
24154004
-96237756
44978324
36397446
24768059
-38851685
97005974
-19016469
99000922
-89210220
23044703
-11953704
-52916519
92202251
28680339
-89719860
63999956
-88092796
-47612441
37938552
58844338
-50072251
-57885786
-66404908
-49854739
-20557590
64134205
-50192157
66531109
-44914621
73211672
41553412
68741283
-46018933
-82806583
-88270293
-25641574
5179380
94159489
-80439952
-4342865
7335349
11952039
40286468
10361515
59129063
-61503419
58308289
47380398
22818698
84382462
-20079384
62166826
8595446
-96723988
-72047921
-92889405
75066906
-61882402
18024862
72499938
77787026
-23931940
-38955082
-16689957
-72400371
-83427779
-79912245
-32790712
-63087984
73876099
-98169711
34434509
29546022
12143691
-81216475
93055089
96040720
94964952
-25389192
77116001
65698378
23615490
-1325187
-86782453
-15770748
6887048
-64167354
-43692361
14708081
-44291944
65694149
87924955
-13809309
-70231042
-71051499
66592211
-48256027
88198967
59722808
9229175
-32675532
39844444
-15174126
94913606
-32378945
-65687461
-46132342
79941982
76094194
19831709
92194424
-80701322
-4491845
63709247
40676817
-14596798
34734241
2382709
3714434
-21760185
-4258503
53059714
96480885
-78016569
-63086868
-29788892
62830217
87341260
-3615720
-57656873
-22393142
43904052
-11731214
-18840148
20251291
-98151541
6459410
87544601
-78855855
-42525638
-35454063
-91027649
-91599451
65440847
-59632441
-90455269
-1447708
-95377412
-32846079
12721175
55695457
88013086
-35799198
71461406
30653204
38294430
57562100
-1569801
-83378755
-20363631
31488139
76087230
66476909
23139670
8783535
-47481178
-68328184
-9630735
38711285
46940784
8594216
-19523698
42164280
28032263
-44079034
-49891047
72440877
59821109
58252519
39625084
61161708
77349914
82641756
-25425157
-21185779
74047602
85268943
89989381
48556075
46908828
11518851
90308229
44327071
6712221
-2294625
93710796
-20621951
-89821476
-9267774
99074654
-19777910
32963847
-93825063
7094277
-36690568
40434796
27542910
-43317580
-57508553
48688444
81150898
48696958
-44746754
55536352
-75939537
70899763
-73752935
17705247
-54820776
-23249419
49617190
51028469
25182817
-73992463
27172916
81889658
-91155138
38025132
-56801674
16694964
33085636
20665687
40909905
10354361
41535017
-13921530
46997137
44449287
7473002
-54262259
-71642566
-10638589
-24609737
53290206
-51734963
-49666209
-46801291
1389678
48424965
-35777078
49191513
-89283448
-76387576
-81542268
67081266
-22262039
-70067942
30808536
20120569
34223772
57595550
2494481
-86474195
-252085
-95088626
-19623288
66681528
-31814482
-3924768
56654547
-55099458
-53753549
-46760532
89807108
-35027338
63990718
-59488320
-61078894
10779578
55943189
-35928793
36400265
21984067
61251978
81629220
-46285376
-59386821
-18598923
-22928596
-33180150
98775408
30869245
-2197374
-43736456
36073606
-38056140
83038191
51977395
-71685259
76005221
-47004980
61802885
60620548
75573696
-69437053
-65265426
-75163436
-46904756
63372215
-56578127
14351371
-64363967
-47391967
-56967162
-15349990
-83804214
2798835
14272791
-73994331
15510931
55362693
-97100223
20329427
-84539033
-34181006
-73093692
3724316
-81598973
31060550
64066406
-3338783
-31542724
-39225654
75860335
-88356297
61295344
85654397
-94242496
-10172977
-97625145
-85229481
-76769716
-5793855
28287245
-24779033
33382229
-30760698
37918589
-99447064
15729896
74018381
59056416
-78603931
38508285
-88395805
89820363
-57060195
57256817
26058545
-22821708
26130802
-24552920
-57758771
-49275245
34903839
6709151
9980807
-64391670
-42460166
-96286655
32680866
-63380597
-92190251
1080302
-88203703
-32483053
-76575524
-27210880
-47998023
-52437681
67083724
55217709
82297686
8982205
50455144
-942337
70720696
58704979
8138502
28732460
-67743121
46240573
31582509
-38749773
-38325051
62311829
28701339
40639891
-4422179
-63104194
96721624
-54667069
-64131922
-90591957
86281397
-4803977
29164970
-11588888
5988290
-50528493
-62616594
11316972
9083432
75421636
79867025
-96640219
-54978428
-26988640
-57663184
-58608035
-33501259
-90394205
-6629446
-41225636
-96942128
76556419
17266215
-40909298
78948780
-47908850
-50106949
-8876973
-83665212
1696082
-7534959
3735649
-71432744
-82837981
-63931310
-38268164
44918472
98022970
-51297012
-50801161
-71260420
-86091343
-72226725
-22848777
61654349
-33131948
19889056
28268078
64657685
-14252098
30737609
86052211
49731798
-20949737
14588252
77016393
89364849
-33432904
-12031335
-24018333
-22531560
73251374
78954429
-43643326
-31814710
-14942624
-15622273
-73851637
-75816780
90916847
-10459804
15586410
-59286881
-52920739
83885874
83398183
-19123236
45518693
82316259
-25640702
47259625
98535075
-27556599
-93195574
59969384
-32134333
-65760236
-69393441
-17226774
53139408
-83172048
-83558148
69478595
-37621596
-72520796
9123109
6333664
-21972369
-46039010
21792340
-66808607
58991178
-6445755
-13773419
51626548
-95968975
65604092
-28076029
66331749
-4580973
56384887
81473986
-23399059
74102058
71709112
-10947261
82833051
81794424
80412742
9246507
-76336964
-54381587
-29564248
-99251051
82226429
59008552
26896163
-52209500
-71351399
85652030
59953604
61053368
-52026395
18280250
52303116
81942725
54522916
-57322169
27940086
69853783
87902808
-9107221
76304625
91380243
77985674
-98652642
-23008000
-3112097
93531898
56002756
-98182279
-54820759
-22434846
-90135507
-62321836
12519330
33519631
-67278098
-55218521
-7722974
54881151
51267242
8275731
39563654
-31933608
-37082038
-55125026
54236836
9008234
-35270243
-5554458
41477128
48553124
-8399712
56355034
-40747864
91120305
98642818
73056228
54302819
-27151843
-13388140
33065556
72083101
-5570791
58379287
-15172273
-95185631
97821140
-94155654
-69818412
-3730382
44614163
-93689417
-18297461
-90391275
-66589948
53283261
42146298
-34670492
94102218
-62908344
3073340
-96495493
-48201365
64128369
-63490392
-23425748
42677354
98559342
70130138
6056185
5611616
20627717
87138395
47766696
51626719
-87708600
-24109645
-67365781
7184578
-4070063
22423353
59607368
-58685935
-35715777
8501237
-95188551
-43166383
-94778532
69831528
87349391
16373421
81121822
33040406
-62942020
35051233
3076522
55691224
-90728197
-22641993
-64071296
-11238177
23695082
-24487502
-95332846
-29096408
-64694535
-94070355
-22229763
36301007
-67060296
-10674925
-1253222
-87293362
11816010
-61014130
54469559
-31502946
1862061
-48650462
29587176
4216856
71473216
-99396723
29809136
96459193
70645158
-97922859
39326609
-47120184
2376417
83796243
35743228
-34953355
21813464
-39368738
71947254
-58313348
-35738210
-16567464
-65150967
-91499501
58283057
-96863718
15040599
-99454986
-98231477
-94016762
95379854
20895916
29312829
29979569
1925370
54566364
77974493
-18313329
-51049136
38358005
-94810410
-43509036
8016769
17712466
25236253
-25256784
57331015
-49318331
25991186
-53088561
60679307
32218184
-2443076
-92845572
43458070
-64885832
-5410563
8098753
86563034
11624992
29070166
61547527
-89257014
-50962903
-94068214
81130516
-62091667
-45270118
92885161
-24101954
-32475046
53797569
11569993
98613943
21390281
-95840756
74921200
43719716
71507261
-90814437
-23610950
46495124
-29023174
-19277048
-185128
-84262919
-75004970
86220799
-67059997
-84038783
-45792217
15271372
34346874
94278197
-50584914
31045636
-77555967
63075250
-13318222
12715452
-23685332
-54361607
12580823
-93123920
29118691
54003228
6811647
-34734351
-20282797
-93093618
-22228232
-48764879
-25250746
80325688
84635288
-99718635
60051425
-98465060
-95024676
82615521
50398641
-44056159
67292450
-69910834
98376040
80293137
88774322
-84639601
-56848660
80508489
78864576
-85994330
47279014
-39256194
-56176827
17057959
79713785
56540902
96281286
36045644
-45644631
-50284
-17653102
-5816348
16257398
-23682863
64825526
80960701
39124550
78909748
-52980365
-36918001
67876178
-78493379
6254760
-72681140
53792139
17893919
-62729308
-60803473
22546283
87981369
25008394
19628463
-97904837
55768540
55961042
23158705
31876926
52748630
77970551
-23360675
47887931
94317656
69759660
-74538567
51375685
53235056
-29538122
88141305
-39331069
87646532
-31781081
-2219731
-49171278
-46772732
37771820
63587642
-63922059
77548087
-15013705
42869601
-16738744
-11490613
-82041526
-4522195
70263115
-17474056
-72274091
-31211955
89614747
-50232229
11227585
-10718982
-99758355
21805665
39543624
-40559830
98360049
-10084751
25580721
-2426875
12767466
-35768644
-17651441
-98134825
54566251
28539283
2687071
46983914
-56943099
72429124
-9735337
89723703
-68132453
43271478
54949303
40776507
-39084550
-92212232
13783308
-61024248
-64161023
85253514
99479589
97222473
-37400154
43981683
-68131325
97709099
98638831
-89344423
-66909718
10094269
43817381
99522137
-87873700
-97366305
61187087
-39727487
11070621
-71347529
4019310
-69004659
85376191
-67977561
3852344
-75562803
2627745
-78585196
43077472
85302497
99091949
9780769
19684220
-90837384
-69776832
-57647576
4674910
-97938954
67705197
-27397980
47291309
17370873
-89266811
-78609316
46998372
75700551
-76852611
19331540
64827579
-94484051
-57608262
-91822732
24849863
94202352
-23055494
15348011
-24332475
-48742081
1459519
-75467718
-48272738
52811382
-79617164
-15984753
81944938
-51826452
97501192
-5128099
-47277685
-69431541
57818643
33974314
95597913
-73370731
52547541
69415807
-64271687
78980201
-10820503
52601681
-1552845
-70202047
-98842
54316749
20015080
42401711
-53648471
-74808022
-70566637
73080859
-98923527
73476260
-71415088
91316771
-33069155
98155809
-81476584
67053742
-49866133
74110132
-75433813
55058381
-62658642
38566755
49624837
-83790507
-41283595
58102964
68237123
86476366
69691991
86153265
38196759
-93693889
-50751457
58269319
45295652
-8220449
-67972967
-42820104
-22519052
-27893983
-4519965
48506006
-35046733
-66900858
-99077481
12743052
20545015
67825897
-89694461
-52166330
65794960
-39326198
54327049
68724731
79819191
91763380
50369481
86712999
2822165
26311054
86426615
-90032125
23005467
65530103
-46123359
-23280367
-28490526
-77653339
22071763
37838148
44081060
-57318668
-71480497
27959856
-49582438
-29647323
-82832538
-69627713
74713649
65887958
48020136
33540304
83478829
11969417
96343893
-34533306
20665885
50467563
61658267
66074317
-83031973
-32866119
-33169099
473358
26167197
-44902694
95527764
-54676567
-41470701
-60979823
99890021
-43598827
-31293162
-72225934
15333584
84562142
63313274
51070876
-75254431
2116339
-57788386
71769640
-41996222
18635467
19107713
-13694132
57655837
-40211926
-19387619
-5492353
86575670
84694369
3585816
-56252110
65831735
18458398
61732534
-17136060
-19070274
-82319232
12122374
-36467559
67890034
53484719
-57644930
17230465
-3149375
-95313773
86288109
-8180450
-16241497
-70790318
57617972
-50130725
79101031
53653930
57263507
80568147
5831913
-82815929
-77869737
94622558
89920366
80107659
57752469
60914630
-38168030
85513173
68079788
86288519
-86151235
-10471375
-6068318
-66978890
-86747832
-86229485
-90132591
5249386
-16241811
85188555
-32299249
-50240032
-96959369
59653579
24463497
23598154
93049167
29176946
-86771749
-91056981
-55664459
53511747
-95165689
-13312469
21977025
-10249016
-10007331
-78392636
37375873
9771508
33065523
-17679174
-41413202
-24135014
-17677436
42517999
-6637859
73001486
96200262
-31828958
-38059672
-12462243
-59102654
-18481334
78358927
-66556758
25227278
-90974093
-81103615
-96224425
-41260622
93314959
53141167
1772844
-60252839
27059796
-9822779
95424491
58140958
23203340
67268210
80290024
2323340
-62376589
53891826
-1989313
-40038706
20603801
6412881
43802988
-58353352
-87735170
35483029
-62228879
-63768141
-8850798
-30547554
-51315152
82395517
57550899
-5406496
29072275
-39090030
-88332025
-52716931
62838187
-64821850
72043462
22334236
52820023
69063125
39897292
-34583077
34083013
-26101776
70917510
78449860
27896757
73690773
82794612
-12998417
4732953
19506174
-95343161
9877241
36611402
31280317
-86687532
43227518
-61706696
-90387298
58318760
15918924
-50660276
18519052
36801923
-46523021
11988054
-94175563
-469571
-11998600
93010107
91012809
46772554
-58984505
47526370
89717291
67837023
-89502227
-2053802
-92712399
29419114
61193993
25184515
-68739164
16171386
-7627218
-21693502
-6616813
31723063
-51699646
44526065
-51324817
-45140054
-71264537
-64770815
-90569530
-86610852
83481154
-40567967
-25973554
86282051
-11566841
-3534864
-72170144
67865207
-71209642
-50929743
99378487
-42458988
-39405315
-6639309
19530301
-4456601
56238152
-22213143
23578646
-7819051
-19455000
-47499982
74544718
-35504599
-49117095
91601219
7293901
69642059
68332995
-39181320
68423202
20245551
-1645855
3508959
24650585
-72288532
-53532392
-87116900
83670665
-19512121
64120701
28812325
29360115
-18157229
3852442
-70850346
43810067
14939702
-70602085
16983479
1349495
-94625704
14058212
-7182173
-55104277
-17942076
30696600
-14420901
-64494362
-63589211
38344644
15987226
-38844534
-49130532
41023209
-23337524
91692164
60444780
-28525281
85398596
-93987631
-55597431
67812966
91425639
32787527
-15027161
-69794064
97860272
14782094
38716585
34341628
-62025997
65878504
-13219440
-50804764
23248589
-69233207
59007475
-25079636
18495467
-25720452
-44268311
-71820994
-33601989
-36788126
22043829
-6760501
75075434
81313095
-5146334
-29633219
61140904
27449198
-3456612
40193089
-97159017
19703747
46450099
-54941302
64426098
81107005
-21168653
95418312
62463772
-21531338
36549275
67120626
-42497837
-35619102
-46860834
79967472
1666155
-76502135
25724816
-26126915
-1733817
52462551
-6574475
-72081088
27897132
-54484559
-84734860
-91681032
23588138
-86477495
78305960
61051879
43497587
-36420984
9314609
-10216826
-66788644
-51128740
-46122364
24719109
14189900
-92921666
-5367502
-60763228
86152419
-75921393
-55257086
-12968875
-35395265
20526589
37390710
-79356134
74872791
-36766611
-58456171
49362542
-34794019
52255088
-88933216
-81772424
44754989
-6757934
50777438
28872644
-11789552
-16599310
8241604
2813870
-6304974
52099801
-68575093
-42065508
93929213
-92563736
-42250657
84810417
-31817817
28420885
-53762469
59527026
89645153
75336619
-48095322
82656360
-57086105
-23667241
13590618
-29815752
-97245564
-16092063
65929022
-49640403
-57918244
-22578325
-80756858
-897440
-97899068
25596632
-39693361
47735930
4828660
75963954
21377007
17305307
-32983761
-74721508
79018819
-10837552
34941803
89508211
-92533688
66019071
-65445012
-94461070
-91957650
-45338042
35357262
11446274
76628924
-92086693
-48801640
79301180
51351796
63225892
51232114
-76781255
89881725
-47808904
-50292000
78847862
-87477389
-831536
-78749433
-32344444
-84346128
-19758824
-6153854
99080148
-22982322
-59251265
55668360
-30209184
-92443826
-88873602
-77960509
-41381234
-91632489
81270250
74190454
43668931
-86967858
-20804744
-55076470
-17841625
-98427033
76294212
94583688
92674787
21463913
-82604360
-61089098
-74667944
-19765997
-99275263
-12775233
-83343239
29227857
-45178039
-25772180
50400048
23891308
52290754
22111670
46748838
-77529768
72751928
-40023660
-58417101
-60780312
66790989
-77674547
72100320
82548060
15190045
-59770755
-56142067
84327082
-8960738
-6317383
-10012058
78096668
-94604606
-41268087
1371197
-5758004
44060212
10093483
5864307
63775066
62083637
19505032
-65718914
93394375
43573516
38601605
20080862
-3460837
37039348
-17808150
-93198213
-67429853
73690864
87187273
79476602
-70793464
-94260696
-83380708
-57203008
-41964618
21581157
-79724750
13117064
-71739204
-4896542
-12409915
-28555894
-11788495
34423137
17473088
12915248
-64089386
53588248
-68547693
-34597687
-93888733
-93711200
-20897283
41394312
-94988087
-30214881
-99008257
-9006354
43084295
32341136
-87924618
17444121
-43167496
-58650595
59580696
-4016903
-95844846
4661985
83446637
-96131372
-93221433
-29834850
-8124754
-12082372
75765631
16988372
-30901991
19501462
-54384792
84144551
-47926691
-98825602
-50430859
86865436
30769763
27569345
64463941
28802403
87255996
-92874493
-10416275
-30720946
-99615218
-48156094
-77715069
-4901019
-91746662
-61283617
-11240054
-66873382
66001295
-33146176
-81699869
-85253012
97916557
-87679239
50979805
92054044
38005218
55689557
71643608
-35210954
59050927
-75091791
-78183854
67075486
-73985231
-82093881
-11088859
-16308913
67333384
26966089
30243340
79604416
-75069186
-60759722
-13069046
-38917434
-78455675
-52795715
17952105
50125819
-60085447
54169318
-28939741
-18432644
95058427
-76654183
-66057053
98485871
13248288
88546947
-17905952
17651719
45671627
97730311
48833527
49477194
37079481
-70287563
80193700
-83929714
-82161131
88848562
9362648
-836045
-97698919
-3304902
-86564825
19363301
-8639871
87172148
-51022216
-73858258
22770861
-77261650
53056303
-68195631
-53615813
-24156731
7757047
-33346382
-32093833
-66716163
-42041214
-5677650
438024
-68857751
-70979016
75782313
47400832
9553538
-19581568
-66942033
60847741
-45747512
-74659369
-96126265
58033166
-79780800
65383249
-69490233
118298
66917012
-5284261
-69180823
-96725053
87363958
18297615
85216629
-19310441
15088815
80495903
8214783
50332760
-2936236
-7428427
45868159
39961859
15408698
-47676177
-85871890
25083054
-49257777
72831502
-56015624
13847684
30974096
-41196347
-25304054
-76973610
84168840
-3530750
17367990
48303925
42110873
-46635576
-52463335
-43860267
-34815078
-47793280
-88687177
-16383913
-63324656
-76234900
40487416
-42057518
12600232
-55263415
84935746
-5281543
62025789
-88509150
-12759083
-34292015
-26107291
73138401
-5674238
70614720
43429246
70427702
-57316242
45643050
-88844377
-88392349
-11796551
-86018617
-3684313
42846064
-79139380
-38328528
-49431248
20687858
37396490
-68773142
7005621
-66650318
-84880791
-81617545
60388111
47589561
-81215419
66152999
-43063499
39702860
94773590
-93365923
-341629
-15131694
-15420777
-11120666
58923989
-28500504
-22412364
-78624573
-43698432
-7481878
-40680447
-86810652
-4788460
-27138392
-38614837
32725698
-46808941
-99460084
-57172057
26245163
-35666657
73518796
58608786
-77352725
-97612634
-18206047
27286625
-66419844
34475972
-9463834
42125780
48646954
-42558667
-19190220
33335364
-14854326
-48380945
-14413054
45876855
-77150471
31967044
-8562478
64907235
-47807495
17727873
-36364852
-74614031
-64013645
-48408289
7811832
9016953
32433368
69220858
-90441322
-53667001
87563358
-20153464
-24087928
8498600
60224748
-53459490
-79287535
57826708
17110201
-55692463
43895874
-42675195
-6956667
1175336
88449626
58885474
-8634013
234518
39822024
-23662088
-6098341
44339792
83920835
-23121396
55418039
-60975858
22830978
-16598823
31755615
-52819066
-35458057
-57685859
-79435272
-94276234
-28121206
33070395
-50932284
-45476315
71643540
45040129
67026756
-10311958
-95508700
58635899
23726676
-20088888
26828675
97709988
23688814
-58584505
28591649
74279496
-82988874
80425439
96520033
-59236502
9545679
-41452798
-56443440
32265617
24763946
31033080
67791989
-70857748
23935946
59546107
38644429
40936143
68860850
-60448855
-39593618
30592077
40423027
-3681544
-13821706
-82566443
-80618851
-50066042
-69635816
50197683
55601980
45804863
-62615376
70105016
99144203
19695587
-79017873
-78656228
-70001099
36173586
-43753732
7456212
-59450117
-16125245
74801368
-12033226
32154993
53554027
66690034
50585579
71755392
75538904
-95104829
-28329424
-85708816
-90918496
-81747455
-36488048
96755439
-33014041
74233280
-36554836
-19424637
34875200
95716133
-3899583
-69805530
81243830
-3945525
26417071
-40738363
70310093
-31972681
-24505291
93851007
-53420774
-89511893
-97808514
-78264436
51720690
36169585
31549453
-84734321
17035445
93875145
-39022729
-60870925
-12215806
77205857
84635192
99836830
-5503548
-35631330
-85676891
-68328998
-48911261
99162052
-95938244
-90071141
18742491
85001623
21227028
25420272
37197836
5676035
59711900
96959861
-97453445
76813884
-22258610
95447283
-59519811
55679116
-90158897
77609740
8224108
-36435212
18693302
-52157837
-61092247
39802518
-90303548
74513341
60502935
-46885708
-46983559
61495060
54696293
-92667655
41767057
-87407837
-1505557
64977490
-79521835
22232622
238319
-45129327
-90302263
96359790
-72445417
-50008667
65370652
41669776
-45372238
-4729255
13562189
-59952833
2131828
88382581
64566057
-75028102
43345783
-52643692
78077768
51837470
34798681
-77347118
39733682
6936456
84352927
63278538
-15057844
59707511
-56533456
-17899256
72444913
73392465
-89781864
23776785
-31393202
-69388399
83909106
-52427077
95736916
-74455383
40242846
-20215270
-41855480
-23691240
-71111219
50639371
33509136
-78836318
95244555
49560461
29922966
-96746958
79161691
28982775
-64359135
-82557815
38188882
62958423
-86048381
15423655
86660896
-96334713
-71830273
55356280
58662562
-31400930
94414055
-42604012
-20670197
-2809174
-48046178
38985383
-3835881
52351630
7836882
62272521
10331164
-63778846
11248890
-56071286
-64153108
-69564501
-95205370
-49699795
-57448531
-97268645
-56487157
69516126
93865160
36759371
46945102
-51401028
-36393041
-93141936
-35261480
36011383
-88862728
99534388
-24796230
8596345
-53334393
53671621
7435518
15383700
87816611
-82407279
-32833692
-78522253
-45332747
22498649
-63863730
-59654836
-97760592
87488745
33931363
-98623515
44489036
40308583
40149090
-73575234
-33307697
-97235474
-51055816
-15693022
-14341858
-7100057
-25115075
-81573800
24483156
58026666
-677696
29742726
67745939
77184759
-48355970
-91340927
-71825643
10427622
28942522
-13972645
88534221
-13498886
46631568
-12434003
13607283
-30716074
-10654220
26160562
69796659
14824763
-12227862
32127626
74722985
-20324898
22132658
-13869170
-6967223
28503605
86396034
3401499
-95029872
-4277300
-48977871
-90308282
-74440586
75459535
99540193
-96298999
41525587
67759885
-54904073
-17565170
92988900
42651628
42428679
-10193457
-24907285
16539388
39469304
-50039917
34353991
-99041974
-25952959
6669405
78435988
20835954
-61606735
-97020141
85587552
86935904
25239117
55975644
33109086
-62321181
44142869
-49962596
-71114531
-23229412
-58360703
94319756
-31126393
-75165110
-32419829
34846953
74406611
8824834
-29789531
31985048
-96773256
-34356514
-35336037
-73274672
-51055750
-12483001
64368063
-35927819
83416219
46149949
-47943199
-90395004
-45185907
29241826
92236581
75211034
-84037770
3112340
-94392323
5303316
-97347374
-98736435
-41242031
-83050873
-8019514
-32346163
52436883
96558641
-15125649
7929894
-11341943
85454624
-73796500
-98659246
-73324059
89744800
53552716
1712407
-24817252
67585207
-59991423
29411140
-66320421
1897467
49856032
70369647
24688623
-61719269
61299172
2012397
-39538714
-3491497
33095328
78872769
41060551
-99856067
-75153487
-41023823
-18903216
-71332224
-62481301
99618569
-71107485
39400985
53440888
-25945585
94184303
2705079
-48964940
-99408523
-2887583
-74812533
-19893730
-85485593
-91551267
-24606494
40531268
-81605249
60151026
25960439
73323670
79081651
-76531683
-58409413
-43096436
60419702
-38081945
-13872470
76271835
86801989
3491161
-61940865
-431708
92693551
68006916
58363235
-99693874
-86875556
-77567136
55136044
-71860216
-67644999
-49174706
56189736
56593088
-68978731
-77961921
59329711
-39682121
53461228
-22542955
60056139
53331613
67950007
-4342579
21171024
6423849
36350303
-12856937
-739151
16062571
16388705
13571317
77431494
-5935869
81012888
-923814
-39422990
-54510799
-92741215
-19404878
56144981
43726232
-5357914
-97965031
-75856303
62156339
39236313
-89888552
-25898069
-28083930
-46628000
44790237
47047156
43021468
66306074
98244416
-99313482
21403609
-40766831
38338713
47699349
-33050918
-62095877
-86079540
-39342956
