int
1000
99764284
99516239
99116306
99028820
98993044
98673541
98547289
98454901
98290491
98065082
97936690
97884114
97445133
97319243
96687167
96677885
96036958
95859931
95751194
95729810
95615549
95380520
95110769
95055105
94684993
94565495
94155874
94104165
93982427
93807301
93707156
93240766
92888154
92693029
91854967
91424210
91329877
90286116
89859482
89576645
89400397
89129521
88885075
88637699
88330086
88313521
88159226
87328024
87206419
87192103
87124212
87034988
86952117
86469488
86432828
86284550
85662570
85534541
85510816
85411709
85088258
84819751
84479455
84449914
84315661
84191866
84060010
84044536
83936598
83797068
83603267
83184024
82847896
82755209
82509135
82420796
82373590
81971583
81893282
81801897
81738092
81132237
81087543
81003013
80962752
80867879
80633576
80619203
80609680
80525768
80393188
80224982
80090958
79957929
79885914
79802129
79712619
78860470
78793901
78788566
77911179
77899688
77898981
77763310
77713523
77396013
77199404
77140216
77102634
76764464
76646026
76420125
76310510
75176997
75010706
74418745
74183353
74155218
73818798
73701124
73510316
73494081
73440783
73288276
73075330
72746997
72334188
72160156
72009997
71891869
71707394
71378201
71355305
71262703
70873280
70588077
70387800
70320773
70061609
69755646
69706731
69052240
68797161
68540713
68293254
67994334
67393822
67132783
66407878
65893292
65858279
65667635
65574636
65236929
65148960
65142922
64879344
64569256
63489561
63324594
63046352
62867350
62681557
62476511
62238221
62143495
62139866
61967130
61782010
61630149
61528130
61483274
61188219
61028391
60888298
60840145
60681286
60657854
60448646
60246358
59450675
59428897
59385441
59374064
59289075
59281746
59167824
58706012
58121663
57933280
57880338
57686304
57660788
57572797
56929928
56909001
56603000
56553810
56307757
56130780
55456357
55211414
55074116
54942676
54886599
54756569
54713858
54436986
54295201
54254095
53988191
53664683
53412437
53373548
53062155
52863254
52834791
52751587
52658549
52399900
52159114
52105519
51969549
51935822
51817169
51632113
51398998
51386305
51326301
51267159
51224277
51131912
50583007
50495690
50219025
49465986
49461771
49404667
48923892
48771538
48428178
48172222
48025308
47706064
47697570
47236532
47144345
47007208
46726713
46664706
46389073
46305176
46268764
46074764
46044986
46009574
45945544
45930531
45729248
45684446
45570787
45481409
44689911
44658622
44639885
44184042
43757170
43738209
43696525
43671533
43542367
43312044
43032028
42527382
42457478
42453963
42200821
42081457
42030827
41304692
40846666
40376596
40107031
39900233
39862116
39820726
39462726
39456449
39164854
39064426
38787043
38752090
38633284
38505453
38343016
38066309
37851731
37784969
37666195
37601798
37548723
37425359
37379609
36986481
36882419
36798988
36788915
36193674
36176225
36166238
36130808
36077631
35982178
35937077
35737224
35451767
35425314
34443524
34367040
34143138
34068912
34021609
34019770
34009294
33983681
33375615
33044909
32913142
32910923
32789532
32758310
32558585
32243564
32207325
31930805
31920760
31881792
31834897
31616079
31549695
31418977
31318220
31317963
31112685
31083184
31032990
30665339
30590276
30429271
30417927
30309612
29967383
29703147
29563529
29561570
29530226
29506000
29165716
28987809
28726506
28591542
28384584
28197742
28069458
27529496
27290890
27219749
27156290
27049837
26685332
26546125
26433690
26426305
25964635
25807692
25801965
25780625
25571818
25286658
25187711
25160517
24855019
24540142
24153856
24030726
23320712
23285358
23108687
22886454
22789610
22688836
22651231
22495006
22266309
22064093
21904856
21606995
21538792
21175997
20830977
20535776
20403019
20310885
20111638
19811426
19780818
19628025
19543560
19497281
19439824
19205894
19186868
18733328
18683893
18101601
18076216
17545889
17501506
17456707
17310229
17304744
17242246
16890566
16647392
16584831
16511328
15283527
14903217
14751580
14732291
14670637
14642343
14629903
14575955
14568231
14450608
14345834
14271178
14194457
14186998
14173213
13786931
12800303
12581164
12467868
12411691
12322594
12259782
12222932
12158937
11562883
11170433
10443999
10370670
10331674
10323204
8767894
8681644
8629856
8371012
8206633
8163741
8106519
8089571
7863254
7813672
7629835
7496773
7443697
7051915
6849838
6784540
6434360
6082034
6001565
5649694
5548665
5359726
5226376
4956769
4587891
4281306
3918221
3771269
3035410
2544439
2403481
2241559
2179399
2143216
1389787
1275571
1234291
1069649
873333
822629
715976
712242
670613
79811
12618
-120621
-252771
-1008899
-1737354
-1923993
-2021472
-2137017
-2427356
-2526757
-2858813
-3459775
-3525742
-3603286
-4251855
-4427134
-4735294
-4870791
-5113533
-5462946
-5793810
-6024607
-6290418
-6453027
-6621587
-6699911
-6907980
-6922915
-6946704
-7050451
-7195635
-7738501
-7880295
-7900300
-7969141
-8002435
-8249238
-8333602
-8421228
-8753031
-8913459
-9320264
-9327513
-10053704
-10140485
-10387579
-10500260
-10523707
-10698056
-11104302
-11246785
-11361441
-11473259
-11761100
-12141744
-12726673
-12954259
-13062197
-13191594
-13201952
-13532171
-14216771
-14294682
-14368680
-14932006
-15927571
-16164597
-16211947
-16483964
-16543336
-16704149
-16731466
-16997746
-17571704
-18508691
-18511516
-18737198
-18821455
-18936120
-18989756
-19328220
-19615870
-20123043
-20197298
-20339234
-20801433
-21276294
-21296116
-21319332
-21502105
-21549385
-21864663
-21978026
-22103928
-22173796
-22305116
-22674601
-22693378
-22897040
-22969170
-22974109
-23044532
-23359013
-23429120
-23460632
-23703257
-23736304
-24180677
-25618150
-25908794
-26139048
-26241925
-26756612
-26761326
-26997368
-27345607
-27428017
-27453370
-27627107
-28116077
-28257278
-28561392
-28720677
-28744797
-28802719
-28827524
-29005922
-29136872
-29279026
-29295833
-29434024
-29484323
-29852667
-29896327
-30631781
-30782551
-31128465
-31212645
-31359623
-31390484
-31454622
-31585852
-31844345
-31878676
-31898370
-32480973
-32854360
-33236364
-33416046
-33729569
-33775280
-33820848
-33857577
-33900321
-33917985
-33989965
-34023770
-34052916
-34528035
-34661158
-34769503
-34785535
-34795193
-35330384
-35802742
-35971419
-36842925
-37063915
-37097017
-37283796
-37314076
-37587443
-38116681
-38680271
-38763263
-38963141
-39148569
-39203644
-39278944
-39282654
-39387434
-39963775
-40205303
-40365857
-40704046
-40798761
-40813041
-41260662
-41927700
-41960245
-42225377
-42431559
-42609631
-42621033
-42651066
-42969486
-42982603
-43122557
-43240182
-43283091
-43885499
-43942495
-44465678
-44490592
-44780550
-44829336
-44835703
-45694959
-45750759
-46086241
-46238308
-46246644
-46285204
-46349715
-46395258
-46413191
-46513044
-46571154
-46593216
-46684946
-46941322
-47166360
-47460192
-47727212
-47791665
-47795137
-47937333
-48202929
-49004337
-49428090
-49578309
-49652960
-49790005
-50124077
-50567856
-50660533
-50924188
-50931687
-51023486
-51090243
-51625339
-51690151
-51848360
-51944609
-52091775
-52145323
-52285286
-53001366
-53185399
-53245867
-53408497
-53505257
-53513053
-54119026
-54147383
-54259282
-54521839
-54550710
-54783671
-54790326
-55111100
-55277187
-55978322
-56224901
-57058231
-57114459
-57526454
-57575437
-57687266
-57851042
-58198873
-58395380
-58469737
-58734823
-59109225
-59252012
-59829166
-59913785
-59955969
-60142232
-60151850
-60257214
-60318590
-60444820
-60524629
-60861598
-61033174
-61054305
-61283500
-61689797
-61817238
-61823439
-61942767
-62253125
-62562180
-62764463
-62822922
-62856759
-63063077
-63070286
-63209418
-63281862
-63336260
-63393863
-63441493
-63477644
-63805219
-63871130
-64135248
-64272947
-64311933
-64573590
-64610989
-64728555
-65668124
-66015384
-66256778
-66306349
-66899970
-67252720
-67556126
-67786564
-67966261
-68153961
-68405625
-68604898
-68630308
-68726568
-68790573
-68822097
-69076738
-69161345
-69519379
-69539700
-69627491
-69841634
-69890792
-70062622
-70128613
-70252713
-70537399
-70943032
-71406245
-71500864
-71749259
-71791825
-71810457
-71856384
-72185960
-72610073
-72877508
-72972939
-73005752
-73371804
-73509726
-73573214
-73585417
-74052914
-74187368
-74314847
-74386428
-74460799
-74528483
-74581456
-74640434
-74967346
-75090694
-75396624
-75411156
-75678807
-76591881
-76765118
-76845256
-76855615
-76879438
-76892506
-77364170
-78016915
-78064502
-78330834
-78335560
-78434084
-78458872
-78495174
-78823450
-78929154
-78976010
-79320429
-79495306
-79571732
-79812769
-79989123
-79992206
-80080245
-80397719
-80576118
-80664192
-80675669
-80854307
-81427340
-81485492
-81613771
-81759950
-81781724
-81880060
-81946878
-82030350
-82073788
-82245671
-82322259
-82636496
-82660560
-83021656
-83196181
-83207824
-83665077
-83695979
-83859036
-84077071
-84092895
-84098891
-84110931
-84300276
-84719630
-84735209
-84915594
-85142581
-85408756
-85877637
-86127282
-86348016
-86471249
-86642618
-86676996
-86791938
-87133250
-87384690
-87751826
-88213764
-88439795
-88556146
-88832720
-88870094
-88910585
-89261070
-89582841
-89786309
-89787574
-90215615
-90308201
-90335044
-90388213
-90468576
-90504831
-91068673
-91126488
-91221691
-91225738
-91580756
-91598393
-91934427
-91972100
-92047429
-92067361
-92087420
-92810176
-93095374
-93438915
-93557536
-93683328
-93939085
-94003814
-94668559
-94673848
-94906563
-94929016
-94991187
-95116811
-95203327
-95319848
-95788383
-95824268
-96111732
-96269331
-96877555
-96979004
-97143096
-97354295
-97412552
-97424489
-97492833
-97931654
-98147353
-98765786
-98857067
-98875686
-98917950
-99423870
-99455114
-99488605
