int
10000
99999320
99990898
99989999
99989856
99956977
99923894
99922407
99894805
99890021
99879653
99864247
99856475
99836830
99732204
99710474
99707466
99700332
99623047
99618569
99604543
99595275
99565939
99562384
99561863
99540193
99534388
99522137
99479589
99464063
99446407
99422376
99378487
99321542
99310531
99282489
99279260
99270554
99241765
99208238
99200155
99162052
99161485
99144203
99136146
99091949
99080148
99075174
99074654
99058546
99010033
99000922
98977134
98962094
98879768
98847545
98804713
98783743
98775408
98746452
98738323
98730143
98694060
98671972
98642818
98638831
98613943
98559342
98554829
98547523
98536034
98535075
98529088
98488036
98485871
98468912
98433914
98406738
98376040
98371621
98364785
98360049
98341427
98337709
98321928
98313849
98279082
98247553
98244416
98240060
98238225
98232216
98231622
98206554
98204084
98182590
98170139
98155809
98136495
98123673
98099616
98098345
98059307
98053463
98022970
98015240
97998974
97976145
97939467
97926097
97918219
97916557
97912672
97862289
97860272
97859303
97845366
97821140
97750869
97744024
97730311
97720337
97716570
97709988
97709099
97694974
97681014
97673537
97563718
97537110
97522681
97501192
97494813
97486789
97440933
97415499
97411736
97376558
97341026
97332346
97224291
97222473
97210327
97205953
97193081
97166412
97111901
97079158
97050603
97032786
97005974
96991344
96990760
96986570
96983745
96965778
96961292
96959861
96942976
96940636
96925985
96915776
96882134
96848369
96811573
96755439
96721624
96720030
96717626
96612789
96567281
96558641
96544939
96520033
96515591
96502051
96480885
96459193
96453170
96359790
96343893
96321234
96288374
96281286
96279340
96272438
96229728
96225448
96200262
96155776
96148738
96145496
96122187
96042462
96040720
95989747
95985153
95959709
95946273
95939233
95898452
95888179
95873273
95784636
95770433
95763418
95736916
95716133
95701647
95697372
95655776
95618780
95597913
95566278
95561720
95543630
95527764
95495854
95449339
95447283
95434261
95424491
95418312
95379854
95353766
95273053
95272786
95264043
95244555
95151185
95142071
95126690
95124617
95080706
95066456
95058427
95005872
95003528
94964952
94959787
94955534
94913606
94839417
94814388
94788048
94785682
94773590
94764125
94739088
94717571
94713155
94698282
94647895
94622558
94583688
94577590
94572552
94568231
94540643
94508376
94496008
94485930
94414055
94396448
94383361
94376982
94361733
94331123
94329514
94319756
94317656
94308116
94305451
94301414
94292302
94278197
94270553
94269641
94268436
94256088
94217042
94202749
94202352
94200968
94190940
94184303
94159489
94121203
94102218
94089314
94067666
94035095
94030298
94026310
94017948
93993264
93944455
93930036
93929213
93899684
93883825
93875145
93865160
93851007
93832466
93814194
93733630
93710796
93702429
93694432
93630100
93611050
93581645
93536258
93531898
93519237
93503311
93487306
93444528
93429259
93395913
93394375
93390874
93373346
93371534
93351716
93350925
93330929
93330606
93324974
93320612
93314959
93281891
93264816
93235372
93231405
93126550
93125496
93113661
93055089
93053345
93049167
93021746
93018631
93010107
92988900
92964165
92942058
92925088
92911525
92885161
92826208
92815198
92699714
92696817
92693551
92690843
92674787
92674417
92596846
92580871
92571361
92447829
92431789
92422225
92411225
92344688
92258814
92236581
92212068
92202251
92194424
92188921
92131682
92109281
92103354
92073234
92059337
92054044
92050789
92049453
91987775
91967812
91966104
91963678
91937889
91928001
91904354
91870818
91795658
91784043
91782722
91763380
91696095
91694836
91693194
91692164
91674555
91601219
91576477
91548280
91545264
91538460
91528455
91528326
91527822
91507989
91504068
91462291
91436335
91425639
91404155
91380243
91378822
91372380
91359427
91316771
91292236
91275947
91223982
91219765
91181018
91178723
91161850
91120305
91102605
91061813
91047281
91012809
90985095
90981646
90916847
90905587
90845322
90837179
90833301
90741691
90706312
90693767
90687011
90649751
90621570
90566348
90537708
90500663
90456606
90421445
90409675
90389601
90383009
90369732
90360097
90308229
90290514
90270375
90220037
90204332
90175470
90074536
90068985
90054801
90053290
90047465
90006995
89991037
89989381
89971334
89966756
89935633
89920366
89881725
89858028
89820363
89807108
89744800
89726389
89723703
89717291
89683308
89680760
89645153
89642106
89618167
89614747
89600232
89565842
89537057
89529364
89508211
89480818
89470080
89447772
89441052
89431529
89372395
89364849
89308742
89278427
89267397
89179427
89115346
89096447
89061071
89056597
89044568
89026968
89005956
88958118
88950443
88933541
88882803
88848622
88848562
88806799
88806497
88774322
88754897
88748060
88725576
88725064
88716911
88714646
88694378
88655890
88638240
88586551
88573669
88572725
88546947
88534221
88533919
88531254
88476570
88476124
88472135
88470598
88449626
88449492
88443881
88382581
88368965
88341559
88336709
88301859
88280098
88279022
88204698
88198967
88177336
88141305
88139126
88102827
88056676
88023445
88013086
87981369
87924955
87902808
87837991
87816611
87809237
87769736
87742055
87728360
87646532
87623652
87589953
87588324
87563358
87563015
87544601
87528872
87491021
87488745
87414497
87411984
87386126
87363958
87349391
87346580
87341260
87335394
87327149
87321129
87259432
87255996
87203015
87187273
87184307
87172148
87169009
87164074
87147290
87146650
87138395
87116462
87113615
87106339
87081943
87066781
87008906
87004009
86958977
86942836
86935904
86921567
86916507
86915853
86902812
86865436
86817773
86804685
86801989
86712999
86701260
86695862
86689107
86685593
86660896
86597844
86596755
86592680
86590528
86575670
86563034
86555439
86551329
86476366
86447097
86437893
86426615
86397637
86396593
86396034
86372615
86347974
86345096
86325471
86288519
86288109
86282051
86281397
86250489
86220799
86164835
86153265
86152419
86149268
86052211
86044593
86038675
85983109
85975878
85915265
85908648
85900842
85889585
85879059
85874079
85873738
85846940
85812735
85802016
85747138
85712708
85679895
85654397
85652030
85648927
85587552
85565596
85557565
85552535
85532890
85513173
85489496
85461483
85454624
85418519
85401811
85398596
85390256
85386423
85376191
85344258
85322621
85302497
85294709
85286573
85268943
85267375
85253514
85243760
85216629
85193244
85188555
85155244
85146787
85094657
85080285
85048707
85001623
84935746
84920105
84906238
84883387
84860595
84852119
84836477
84824316
84820165
84810417
84802096
84787066
84773110
84768003
84745706
84729290
84722272
84714194
84700904
84694369
84635288
84635192
84629831
84620447
84562142
84530351
84527186
84518522
84507936
84505337
84500613
84482595
84470087
84467652
84444308
84421125
84391644
84382462
84374700
84352927
84327082
84315278
84310362
84305863
84295288
84264151
84223216
84216377
84168840
84144551
84122508
84115146
84108879
84102033
83956090
83951357
83946825
83920835
83909106
83902886
83885874
83882485
83874324
83863879
83840334
83796243
83783300
83754951
83733245
83730640
83673622
83670665
83645218
83640087
83630286
83625058
83619299
83600845
83539699
83511302
83496024
83486837
83481154
83478829
83455518
83446637
83425589
83418469
83416219
83398183
83387369
83342876
83302971
83298130
83246690
83239485
83202202
83121934
83102194
83059626
83038191
83018729
82999574
82998072
82973831
82973191
82941286
82927481
82902479
82897258
82891013
82855411
82833051
82815602
82803543
82800919
82794612
82790515
82784972
82722135
82666707
82656360
82641756
82615521
82587921
82553777
82548060
82451057
82437969
82395517
82389295
82382153
82379087
82362889
82316259
82311614
82308182
82303209
82297686
82290522
82289001
82234609
82226667
82226429
82212350
82199797
82181936
82157439
82148129
82121029
82120812
82111395
82106164
82077302
82062847
82039222
82035400
82034318
81980270
81946532
81945295
81944938
81942725
81932591
81915380
81889658
81871376
81854740
81842082
81816127
81794424
81783314
81742019
81728066
81659267
81643080
81629220
81582767
81582118
81553090
81532281
81523264
81504208
81473986
81401374
81375912
81332115
81319733
81313095
81273152
81270250
81244513
81243830
81228590
81228301
81209804
81185953
81150898
81130516
81121822
81107005
81085415
81079956
81071576
81028253
81025146
81023398
81021804
81012888
80995376
80960701
80879419
80798014
80746840
80702620
80659574
80609961
80568147
80567096
80555005
80536758
80533025
80528237
80525576
80512302
80508489
80506481
80495903
80489928
80484853
80478901
80442669
80425439
80412742
80400346
80379477
80364473
80325688
80293137
80290024
80267539
80234079
80212985
80204732
80196563
80193700
80155690
80151622
80107659
80079135
80056068
80053287
80043509
80020607
79976938
79967472
79941982
79898460
79892282
79867025
79819191
79777811
79722632
79713785
79694721
79648441
79634347
79621930
79604416
79575732
79558289
79511250
79497924
79482224
79476602
79425157
79421063
79395536
79389116
79379840
79360982
79337272
79314801
79301180
79294872
79235492
79200789
79188112
79185453
79165374
79161691
79149174
79137521
79129480
79110009
79101031
79081651
79023206
79018819
78990182
78980201
78954429
78949324
78948780
78913072
78909748
78875421
78872769
78864576
78857397
78851699
78847862
78832087
78819799
78795219
78791431
78786857
78772758
78768405
78661279
78656739
78645159
78638817
78598942
78595219
78554130
78552762
78537118
78450719
78449860
78435988
78435210
78358927
78343923
78305960
78259332
78250328
78232282
78205781
78201149
78171526
78170039
78157193
78133741
78096668
78077768
78047030
78007114
77991223
77990818
77985674
77974493
77970551
77963518
77946689
77929942
77903920
77876781
77861647
77848689
77801456
77787995
77787026
77771926
77758785
77742178
77723743
77670348
77670033
77642763
77632641
77609740
77590983
77561520
77561216
77558950
77548087
77473353
77464297
77431494
77419883
77382884
77349914
77346305
77319401
77308071
77266516
77240848
77226298
77223173
77213115
77205857
77199285
77191366
77184759
77176163
77144458
77116001
77105380
77104101
77102754
77085538
77030828
77027414
77016393
77010315
76977372
76964940
76961343
76928595
76920212
76888107
76887296
76840528
76815062
76813884
76759870
76744477
76728584
76699793
76666969
76649782
76628924
76604102
76585461
76556419
76545119
76536191
76511933
76443851
76381918
76355849
76339666
76329561
76325562
76304625
76301131
76294212
76289113
76271835
76269163
76242947
76234238
76225902
76200212
76175721
76117055
76114447
76094909
76094194
76087230
76076722
76047055
76046207
76030298
76030284
76019369
76005221
75994942
75973661
75970161
75965821
75963954
75908336
75901725
75892058
75860335
75856604
75846902
75841918
75800370
75782313
75765631
75742091
75719946
75700551
75681916
75676925
75667039
75573696
75555374
75546304
75539386
75538904
75536541
75463025
75459535
75443652
75424844
75421636
75401171
75386241
75379538
75371713
75365253
75336619
75330532
75289752
75263507
75243983
75237474
75213545
75211034
75208875
75190163
75180281
75176857
75172043
75089714
75075434
75066906
75066870
75052250
74953962
74951473
74945192
74921200
74872791
74862642
74861921
74825761
74801368
74774924
74722985
74713649
74702489
74684577
74666655
74614757
74602971
74549962
74544718
74538806
74532584
74513341
74431634
74415035
74406611
74393938
74385006
74334745
74333493
74315126
74299424
74292674
74279496
74233280
74190454
74189827
74110132
74109894
74102058
74088883
74065955
74047602
74018381
74006192
74003918
74003174
73990371
73904113
73876099
73834616
73773649
73766760
73761422
73752867
73709990
73701496
73690864
73690773
73688331
73658804
73623801
73621644
73582392
73575323
73573768
73569700
73518796
73481386
73480594
73476260
73452229
73419698
73392465
73388002
73386785
73381455
73352543
73323670
73285285
73284266
73281408
73254749
73253230
73251374
73225326
73211672
73201467
73200767
73193977
73191677
73189674
73138401
73120649
73092088
73086194
73080859
73077066
73074982
73056228
73038521
73008337
73001486
72984663
72918561
72831502
72803485
72799374
72758627
72751928
72728813
72720208
72674015
72665824
72647865
72627034
72618716
72612833
72562122
72527828
72515777
72504726
72499938
72491273
72454806
72450907
72444913
72440877
72433689
72429124
72370549
72357365
72317217
72316564
72268749
72227004
72219431
72205524
72199089
72113008
72100320
72088619
72083101
72070438
72043462
72009338
71947254
71904118
71893714
71827986
71809315
71790248
71769640
71755392
71709112
71643608
71643540
71577002
71545442
71531076
71526455
71518814
71507261
71473216
71461406
71439657
71414298
71381613
71374958
71328180
71287683
71252081
71178467
71165503
71125571
71107287
71069042
71038059
71012098
70950765
70929473
70917510
70909502
70899763
70892862
70811937
70785843
70776274
70763869
70742030
70722684
70720696
70714392
70679365
70660335
70645158
70644963
70630439
70626162
70614720
70599771
70570860
70570552
70554695
70503671
70503084
70502126
70496733
70441628
70435453
70427702
70410578
70391321
70387526
70369647
70359631
70340848
70310093
70300650
70296424
70283544
70270628
70263115
70157259
70133850
70130138
70123556
70105016
70097786
70067724
70065457
70041317
70016825
70002945
69990876
69934182
69924244
69867857
69853783
69842281
69831528
69828831
69796659
69759660
69756803
69693962
69691991
69684433
69652689
69650292
69647844
69642059
69622327
69610041
69585990
69579965
69542576
69532570
69518747
69516126
69504288
69478595
69476810
69467892
69466325
69452541
69415807
69385681
69381951
69363975
69270564
69236405
69220858
69180517
69175029
69170297
69165676
69133727
69110440
69087997
69063125
69052721
69041250
69003372
68939291
68925993
68923240
68889961
68867770
68860850
68856058
68811296
68741283
68724731
68704945
68704361
68637529
68492552
68481740
68474796
68462913
68425325
68423202
68409564
68367482
68361812
68338811
68332995
68324890
68317737
68267169
68256943
68245221
68237123
68220625
68178571
68172587
68166161
68134075
68079788
68053940
68042360
68026473
68021275
68015325
68006916
68003392
67950007
67933195
67909851
67890034
67884334
67876178
67865207
67837023
67831122
67825897
67819853
67816902
67812966
67797876
67791989
67772716
67767978
67766933
67762731
67759885
67745939
67743626
67705197
67664767
67625997
67594579
67585207
67553882
67539885
67529540
67522441
67495811
67444079
67420649
67334758
67333384
67313300
67292450
67271805
67268210
67266713
67219291
67191475
67182121
67171419
67162866
67159012
67120626
67094846
67083724
67081266
67075486
67053938
67053742
67046264
67026756
67014357
66979626
66968514
66954831
66951908
66923823
66917012
66903437
66895515
66875894
66852391
66837264
66810058
66794957
66793635
66790989
66735583
66721497
66721132
66711251
66709363
66690034
66684073
66682855
66681528
66667446
66592211
66584698
66570819
66544180
66531109
66476909
66408294
66331749
66309713
66306074
66257948
66245339
66178149
66171031
66164505
66152999
66138536
66074317
66071295
66044195
66034279
66019071
66002861
66001295
65993382
65963639
65952540
65929022
65921834
65909091
65887958
65881965
65878816
65878504
65871191
65831735
65794960
65770020
65767108
65725810
65701527
65698378
65694149
65655674
65604092
65571132
65560149
65551465
65537715
65530103
65468903
65464538
65459119
65452547
65440847
65393181
65384787
65383249
65370652
65344966
65304720
65302844
65278876
65275472
65260678
65248043
65218627
65205227
65194735
65187110
65157603
65115079
65089732
65058374
65052683
65038398
64977490
64961657
64907235
64875552
64873166
64871048
64827579
64825526
64779289
64764563
64757480
64741607
64738953
64728866
64726578
64721646
64716988
64657685
64617125
64599504
64566057
64555210
64522932
64518765
64463941
64448975
64439337
64432804
64432422
64430294
64426098
64422277
64368063
64340930
64340248
64305216
64264094
64237559
64205879
64204302
64181212
64134205
64128369
64127923
64120701
64075260
64066406
64062717
64062155
64052050
64046988
64037963
64012102
63999956
63990718
63986598
63979361
63951743
63930675
63921679
63909364
63870333
63823629
63789468
63775066
63722685
63720536
63709247
63686636
63682892
63631410
63606578
63601456
63587642
63579403
63573321
63563719
63553040
63547953
63546975
63529924
63527422
63515532
63455022
63436205
63430305
63372215
63313274
63294511
63288845
63278538
63232504
63225892
63198209
63183009
63180291
63147806
63079227
63075250
63019631
62992237
62958423
62888128
62887895
62847740
62838187
62830392
62830217
62820792
62818610
62806203
62794139
62740623
62732035
62721133
62689882
62624827
62591094
62495260
62472945
62467952
62463772
62445338
62405640
62394891
62372539
62366968
62366891
62362161
62359619
62357344
62311829
62272521
62236210
62166826
62156339
62083637
62082132
62066447
62055862
62025789
62010781
61983202
61953972
61950463
61944886
61942811
61938105
61802885
61786408
61732534
61668089
61666499
61662061
61658267
61654349
61587800
61559261
61550343
61547527
61495060
61461214
61452394
61444319
61393835
61388801
61361528
61328164
61317349
61299172
61295344
61266577
61251978
61233803
61193993
61187087
61161708
61140904
61131679
61103582
61083984
61053368
61051879
61037973
61011352
61001076
60998562
60976291
60953011
60946486
60914630
60869450
60862519
60847741
60782122
60755104
60716123
60711991
60692329
60679307
60673817
60664973
60640033
60626966
60620548
60615741
60600740
60594784
60586493
60584247
60570275
60564007
60509411
60502935
60496265
60449662
60444780
60425456
60419702
60398469
60388111
60350495
60327887
60324451
60313894
60292534
60290286
60264178
60257475
60224748
60211815
60193617
60183915
60171815
60168133
60151026
60056139
60051425
60010604
60005056
60002300
59999238
59998140
59994166
59969384
59953604
59953112
59939994
59917887
59911883
59882376
59873756
59821109
59820690
59805655
59776030
59772263
59769311
59766806
59750890
59747733
59741477
59723431
59722808
59715553
59711900
59707511
59653579
59607368
59598657
59580696
59572287
59571612
59570578
59546107
59543661
59537293
59533010
59528560
59527026
59525276
59508131
59506286
59465730
59451699
59410300
59392639
59391221
59390448
59370433
59329711
59304989
59298932
59294008
59283814
59278322
59228710
59214505
59212454
59192323
59190756
59129063
59111117
59085090
59077332
59076679
59076092
59063292
59061220
59056416
59052131
59050927
59033929
59025452
59023755
59008552
59008234
59007475
58991178
58962645
58951035
58923989
58915019
58899568
58895378
58885474
58879365
58858588
58857015
58844338
58806298
58776495
58775582
58770596
58747768
58740923
58715064
58710506
58704979
58662562
58661245
58648978
58635899
58608893
58608786
58599123
58575692
58538995
58489217
58429804
58413852
58379287
58363235
58361654
58320862
58319989
58318760
58308289
58291366
58285076
58283057
58269319
58252519
58221013
58215634
58213916
58140958
58109144
58102964
58062905
58050292
58049259
58033166
58026666
58016807
57996780
57994150
57981276
57826708
57818643
57780802
57759816
57752469
57751537
57746981
57690262
57655837
57636074
57635031
57625672
57617972
57616961
57615542
57595550
57576139
57562100
57550899
57531182
57510546
57494627
57468366
57462743
57442062
57427905
57410607
57409774
57377357
57339059
57331015
57314888
57299893
57292911
57263507
57259625
57256817
57251695
57250109
57186228
57178652
57174437
57166188
57143803
57139577
57137508
57136804
57120696
57120511
57116155
57077936
57062609
57060038
57045461
57024668
56989006
56959356
56943786
56928065
56895794
56895192
56881077
56859408
56858533
56841133
56837471
56789861
56752068
56705027
56669820
56654547
56598354
56593088
56567209
56545594
56540902
56536546
56518742
56471566
56460513
56444027
56384887
56355034
56332858
56304364
56265052
56243676
56238152
56208841
56189736
56146550
56144981
56137234
56094707
56065392
56053064
56052696
56033162
56002756
55975644
55961042
55943823
55943544
55943189
55816527
55789922
55768540
55746917
55695457
55691224
55689557
55684474
55679116
55668360
55618025
55617039
55601980
55588191
55565350
55536352
55490440
55481745
55468037
55442780
55432326
55418039
55417288
55401176
55383359
55362693
55356804
55356280
55351377
55326207
55311753
55302236
55290904
55283862
55276559
55273896
55268199
55243109
55229875
55228927
55217709
55189672
55176098
55175587
55166608
55159274
55136044
55128125
55085934
55065771
55064159
55058381
55053267
54993461
54949303
54894722
54881151
54862063
54844247
54840837
54830035
54770851
54757730
54696293
54688334
54634257
54624136
54621425
54597546
54566364
54566251
54552525
54527155
54522916
54516774
54488901
54469559
54450743
54417500
54415836
54392541
54351464
54340864
54327049
54316749
54302819
54259754
54252372
54236836
54216081
54169318
54090111
54032931
54003228
53980850
53978820
53931447
53891826
53872781
53860644
53857465
53857009
53849606
53844380
53797569
53792139
53774930
53755418
53752325
53747339
53744126
53738233
53700746
53693230
53671621
53666480
53653930
53651188
53628391
53618692
53588248
53554027
53552716
53511747
53509072
53507947
53484719
53461228
53440888
53411676
53395689
53383689
53338034
53331613
53326482
53300311
53290206
53283261
53271336
53242522
53235056
53214965
53187510
53168375
53155251
53141167
53139408
53059714
53056303
52979364
52942497
52925731
52886071
52855754
52833998
52820023
52811382
52797963
52793458
52789044
52760368
52748630
52707891
52699502
52677574
52654501
52622293
52620108
52601681
52576381
52547541
52530983
52498586
52482327
52462551
52452210
52447228
52442733
52436883
52411862
52397826
52387297
52362571
52351630
52339620
52324127
52317449
52309216
52303116
52290754
52262629
52255088
52239577
52218774
52184802
52146844
52146366
52136780
52099801
52084562
52070677
52067636
52035103
52020966
52020782
52006456
52004700
51977395
51947640
51913859
51912998
51897506
51892263
51887744
51882837
51851198
51837569
51837470
51832769
51776735
51720690
51692085
51686862
51681328
51663428
51639399
51626719
51626548
51622096
51591190
51590459
51584885
51569302
51552259
51548980
51506931
51463432
51462183
51447427
51444960
51408912
51398304
51375685
51351796
51340516
51331742
51310834
51303708
51298275
51274620
51267242
51264472
51244427
51242270
51232114
51188953
51149660
51140896
51125489
51114489
51070876
51065450
51055002
51028469
51010106
51005234
50979805
50914182
50833802
50831190
50824113
50791588
50777438
50749665
50736444
50690760
50687235
50644926
50639371
50631169
50601345
50585579
50567119
50546327
50545331
50537916
50516843
50503376
50467563
50455144
50440883
50400048
50398641
50384473
50374107
50369481
50356812
50332760
50306426
50265425
50257175
50230561
50227745
50204331
50200034
50199131
50197683
50158263
50157030
50125819
50110618
50081864
50062593
50040091
50035242
50029346
49986688
49931241
49923591
49856354
49856032
49790241
49767923
49753108
49745101
49741369
49731798
49632625
49624837
49617190
49567841
49560461
49546573
49530362
49479203
49477194
49439597
49416834
49405690
49386888
49384499
49362542
49358251
49354271
49261530
49246369
49191513
49177158
49156951
49155726
49128505
49097592
48993276
48970048
48961393
48952812
48934243
48917511
48906291
48833527
48828386
48825812
48776813
48746043
48728614
48699899
48696958
48688444
48665821
48646954
48642026
48557144
48556075
48553124
48531918
48523813
48506006
48464188
48424965
48331937
48331061
48303925
48290472
48288990
48287235
48272346
48238615
48199908
48175213
48160687
48157305
48135440
48020136
47987189
47986174
47896534
47893671
47887931
47879461
47867036
47858659
47847833
47836579
47802936
47786506
47766696
47765385
47764567
47752166
47735930
47699349
47673362
47634952
47617820
47589561
47580304
47569078
47568283
47567752
47561700
47526370
47468827
47439726
47422732
47421959
47415910
47400832
47380398
47367161
47363521
47342092
47291309
47283047
47279014
47262007
47259625
47249624
47237274
47222381
47187277
47160439
47141864
47105615
47094900
47079517
47058593
47047156
47004401
46998372
46997137
46985247
46983914
46983572
46959235
46955316
46945102
46940784
46912178
46908828
46906049
46890981
46887362
46871278
46864703
46864029
46859092
46856566
46817042
46787543
46772554
46771947
46770843
46768069
46748838
46721204
46718210
46718039
46698257
46667031
46660397
46654328
46631568
46631123
46628324
46615393
46610032
46593108
46569701
46567401
46495124
46488273
46469879
46450099
46434176
46431838
46418164
46396245
46365917
46267963
46243948
46240573
46214192
46212420
46210962
46206411
46186551
46179183
46149949
46135857
46135245
46055031
46012380
45989012
45987880
45956509
45947388
45947384
45917451
45908564
45901404
45878674
45876855
45868159
45857673
45853425
45825367
45824827
45804863
45765973
45764973
45721525
45680274
45671627
45658243
45656543
45643050
45532875
45525509
45525173
45518693
45452449
45445594
45386780
45295652
45272197
45257690
45249674
45172188
45151187
45148599
45113285
45078411
45072199
45065148
45040129
45039474
45000075
44982658
44978324
44948405
44918472
44911721
44879806
44830542
44824287
44808045
44797500
44795427
44792278
44790237
44754989
44699327
44659339
44638030
44614163
44594246
44552644
44544764
44526065
44489036
44484234
44457029
44450571
44449287
44440733
44415026
44349697
44339792
44333213
44330455
44327071
44310862
44289962
44242727
44230297
44216419
44199877
44197483
44182338
44163585
44162944
44149097
44142869
44142231
44118310
44104593
44081060
44074220
44066807
44060212
44001452
43981683
43905679
43904052
43902450
43895874
43880018
43875724
43857197
43839735
43833343
43827905
43825838
43817381
43812730
43810067
43805379
43802988
43739978
43735081
43726232
43724732
43719716
43690724
43668931
43666496
43641500
43630507
43629378
43611418
43602916
43573516
43570494
43523724
43497587
43458070
43429246
43418237
43415357
43383018
43373342
43370187
43345783
43332087
43293426
43271478
43267311
43227518
43225865
43224974
43161280
43151663
43124030
43084295
43077472
43064710
43055646
43055008
43021468
43008247
43004039
42991292
42990007
42957560
42909175
42884819
42869601
42868978
42866588
42862536
42846064
42795433
42785793
42777337
42720208
42702487
42693734
42686005
42685976
42677354
42651628
42647605
42644624
42637538
42624679
42624389
42566559
42565617
42517999
42477919
42466152
42463674
42442895
42428679
42401711
42376310
42305962
42295915
42281986
42257521
42249550
42204770
42171869
42170440
42164280
42146298
42125780
42113543
42110873
42103660
42096902
42094427
42073531
41978210
41964683
41940513
41907775
41868672
41861463
41820662
41813055
41780568
41767057
41756393
41738048
41733016
41729416
41694431
41688255
41671082
41669776
41659834
41612758
41609190
41575667
41575060
41571623
41553412
41535017
41525587
41523087
41511060
41501643
41483828
41477128
41451259
41434994
41419765
41394312
41360639
41226132
41219653
41138962
41130727
41090293
41063259
41060551
41050580
41044692
41033131
41023209
40997847
40985798
40966276
40940098
40936143
40909905
40841823
40830121
40819541
40818666
40808434
40783270
40776507
40757452
40746168
40740569
40735493
40733377
40728686
40717299
40692419
40676817
40672401
40659388
40639891
40638097
40604314
40597212
40574966
40555183
40546117
40531268
40529396
40523389
40506669
40487416
40472016
40462424
40434796
40423027
40375864
40350435
40333310
40308583
40308402
40292129
40286468
40265836
40242846
40217451
40210804
40208653
40195969
40193089
40149090
40133948
40131918
40110032
40044563
40033163
40024383
40016128
39971186
39970067
39962280
39961859
39953750
39948523
39897292
39886677
39848307
39844444
39831579
39827702
39822024
39808812
39802518
39786466
39774812
39754504
39733682
39702860
39683771
39681258
39656143
39647005
39632465
39628640
39628614
39625084
39563654
39544179
39543624
39503113
39469304
39459101
39400985
39371242
39326609
39321370
39311925
39306045
39283389
39266201
39236313
39231887
39202139
39199554
39167579
39143712
39124550
39098464
39055463
38985383
38962807
38961412
38959880
38935930
38913809
38870271
38815894
38797249
38779811
38775665
38763307
38740118
38737369
38716585
38711285
38700140
38687851
38685872
38644429
38640278
38635466
38626961
38621516
38612853
38601605
38599663
38578459
38566755
38564809
38545348
38508285
38508041
38468342
38404083
38396567
38358005
38353928
38344644
38338789
38338713
38294430
38251935
38235599
38219685
38196759
38188882
38149486
38091437
38086526
38083890
38068433
38058407
38045071
38025132
38005218
37994438
37981058
37938552
37932624
37922713
37918589
37907912
37853410
37852231
37838148
37790848
37773360
37772361
37771820
37765120
37757919
37702398
37578751
37564215
37534794
37529788
37488518
37467533
37396490
37390710
37375873
37369696
37349713
37346342
37294501
37266033
37265275
37262295
37240176
37222733
37207915
37197836
37186967
37176745
37169268
37152755
37139656
37138118
37133671
37130392
37105568
37087498
37079481
37053366
37039348
37025937
36994520
36976372
36972301
36963912
36952892
36949639
36927261
36902224
36857159
36848076
36806801
36801923
36773922
36759371
36752427
36749181
36748167
36728187
36727736
36694272
36674413
36660008
36633373
36631608
36611402
36606986
36603505
36553843
36549275
36532965
36502700
36502468
36496971
36480067
36467208
36457484
36456148
36443985
36427062
36400265
36397446
36388449
36385439
36371060
36350303
36347593
36301007
36299413
36279239
36267586
36257279
36229185
36210791
36204475
36201192
36173586
36169585
36157280
36133226
36109792
36073606
36045644
36043826
36025668
36013828
36011383
35998853
35995265
35956229
35946088
35852784
35850952
35845260
35790599
35790482
35747262
35743228
35736823
35706988
35702753
35650649
35564891
35554712
35553083
35551563
35549248
35540025
35530249
35504852
35483029
35472690
35409251
35403719
35397468
35390814
35357262
35337411
35285224
35197252
35165001
35163709
35160107
35111198
35104606
35089417
35059752
35051233
35046242
35033419
34941803
34903839
34897596
34875200
34846953
34841266
34798681
34776131
34768710
34763281
34746300
34734241
34711263
34696605
34660005
34654352
34625094
34616562
34598594
34530775
34509678
34481770
34475972
34468910
34468672
34434509
34423137
34384228
34353991
34346874
34341628
34339734
34298364
34248712
34225791
34225393
34223772
34215830
34208863
34188492
34168771
34144680
34130136
34113078
34100417
34092040
34083013
34074187
34070418
34069797
34069419
34069365
34025370
33974314
33950745
33937469
33931363
33928671
33885312
33820063
33780943
33707827
33672920
33587573
33540304
33519631
33516148
33509136
33507785
33459413
33447215
33426322
33385530
33382229
33381759
33335364
33318496
33243862
33204988
33196143
33183304
33162235
33151080
33109086
33095328
33085636
33070395
33065556
33065523
33059354
33047229
33040406
33003513
32979349
32975987
32963847
32911391
32884927
32882653
32882545
32838911
32818046
32810803
32792945
32787527
32786152
32747093
32725698
32723014
32722473
32685891
32680866
32661266
32644674
32611692
32582127
32536148
32515993
32513891
32445563
32433368
32415817
32381435
32363127
32353028
32341136
32287618
32265617
32218184
32201699
32154993
32127626
31985564
31985048
31967044
31946425
31876926
31872186
31872072
31851021
31781188
31770432
31757149
31755615
31743518
31723063
31714456
31662273
31640537
31597669
31584003
31582509
31574547
31549453
31543990
31531705
31515117
31488139
31469838
31400303
31394198
31371790
31366989
31359821
31357242
31345095
31341068
31336358
31291570
31280317
31245984
31203859
31192365
31186197
31119992
31091560
31080395
31079448
31075893
31060550
31054425
31045636
31040696
31033080
31026936
30974096
30972991
30905252
30873869
30869245
30857303
30808536
30788461
30771829
30769763
30751991
30747960
30737609
30711122
30696600
30690735
30653204
30616309
30606376
30597451
30592077
30582903
30580254
30577777
30576760
30540805
30539446
30472229
30443332
30440920
30436697
30397056
30392769
30347202
30312406
30282310
30273047
30252034
30245551
30243340
30185093
30168880
30031247
30005885
29979569
29950171
29939154
29922966
29915718
29834427
29823812
29814755
29810355
29809136
29765193
29759604
29742726
29715689
29690290
29675668
29674104
29624231
29624119
29595118
29590067
29587176
29584823
29580562
29574252
29546290
29546022
29536889
29522785
29519079
29442075
29432504
29422205
29419114
29411140
29410209
29360115
29314767
29312829
29292050
29288675
29267725
29265238
29253298
29252962
29245292
29241826
29227857
29176946
29164970
29125597
29123039
29118691
29091227
29077495
29075197
29072275
29071205
29070166
29057245
29036012
29003200
28982775
28975125
28945685
28942522
28927956
28923201
28897124
28883461
28876710
28872644
28847493
28824329
28812325
28802403
28798209
28766631
28764698
28755478
28734513
28732460
28701339
28696430
28680339
28591649
28539283
28529207
28503605
28488767
28470971
28420885
28386649
28359221
28357367
28288346
28287245
28268078
28263706
28247004
28181339
28176308
28170158
28168525
28161174
28134225
28103662
28083617
28079433
28046688
28032263
27979244
27959856
27948252
27942282
27940086
27928834
27924325
27917798
27906460
27897132
27896757
27839590
27839539
27804260
27758448
27689354
27641105
27569345
27554013
27546802
27542910
27526238
27521263
27507645
27449198
27431430
27420373
27396207
27390813
27376670
27370483
27347175
27288540
27286625
27281870
27263222
27262040
27226531
27185591
27181612
27172916
27150193
27059796
26972371
26966089
26945981
26936034
26896163
26855889
26842704
26828675
26722293
26624247
26617847
26603027
26575922
26555942
26456603
26417071
26367626
26366318
26311054
26271705
26245163
26240223
26202160
26167197
26160562
26131036
26130802
26126550
26071200
26058545
26049290
26025412
25996059
25991186
25978466
25974011
25973661
25966780
25960439
25889807
25878339
25808907
25765212
25724816
25640660
25629908
25616859
25596632
25580721
25576376
25575145
25565079
25505798
25503855
25484288
25420459
25420272
25411990
25403249
25389159
25374926
25335775
25312594
25265401
25239117
25236547
25236253
25227278
25224285
25199098
25195587
25184515
25183319
25182817
25176074
25086353
25083054
25066811
25042437
25034124
25008394
24996447
24977878
24880778
24877118
24858817
24849863
24848663
24839637
24825576
24817670
24770812
24768059
24763946
24723062
24719109
24714915
24709072
24701728
24688623
24654969
24652378
24650585
24632354
24614305
24543872
24540078
24525603
24506799
24483156
24463497
24440353
24411769
24311633
24275492
24258494
24221356
24208336
24175496
24154004
24110838
24076599
24053593
24010285
23993503
23967705
23935946
23931441
23891308
23855528
23837871
23814368
23797106
23776785
23747332
23726676
23725710
23720074
23695082
23688814
23684450
23680717
23666513
23662502
23653991
23653016
23647022
23615490
23598154
23588138
23578646
23543218
23523818
23476054
23469092
23357008
23355401
23315344
23300912
23287871
23264799
23248589
23241546
23203340
23193576
23158705
23139670
23126412
23065846
23061447
23058990
23044703
23034431
23019719
23005467
23004161
22994494
22991147
22894933
22864186
22860760
22846593
22830978
22822840
22818698
22793664
22781651
22773725
22770861
22754850
22753834
22731836
22725930
22724484
22672547
22608052
22601859
22598217
22546283
22541633
22529549
22525547
22498649
22433188
22428916
22423353
22415608
22409670
22385737
22346015
22342183
22338581
22334236
22331897
22303789
22301235
22282097
22264773
22248265
22232622
22183096
22178545
22153803
22132658
22125659
22111670
22078384
22077068
22071763
22065303
22064282
22043829
22039106
22009515
21984067
21977025
21928540
21887344
21863481
21813464
21812641
21805665
21805145
21792340
21787190
21752551
21739558
21733030
21703371
21651605
21639368
21602223
21588158
21581157
21489303
21463913
21446660
21439647
21439595
21403609
21390281
21377007
21325099
21321656
21320526
21227028
21208616
21171024
21029460
21027902
21010646
20995088
20990180
20949252
20905485
20895916
20864843
20835954
20819750
20806668
20795050
20792997
20786971
20780462
20777309
20774456
20767762
20759621
20706881
20694592
20690802
20687858
20665885
20665687
20649888
20627717
20603801
20600007
20581881
20581464
20545015
20526705
20526589
20517013
20490808
20450716
20445953
20443024
20428165
20406300
20400964
20373497
20344931
20344080
20339812
20335930
20329427
20318325
20291203
20251291
20245551
20194165
20180343
20138686
20128318
20120569
20110142
20107783
20080862
20074586
20035398
20015080
19994933
19986073
19977298
19969748
19903377
19889056
19888332
19885565
19867095
19837235
19831709
19801106
19778420
19775402
19767264
19747139
19732274
19703747
19701699
19695587
19687163
19684220
19628463
19592775
19541874
19531024
19530301
19506174
19505032
19501462
19411919
19402232
19363301
19351584
19339466
19331540
19247625
19241396
19212141
19197295
19137476
19131519
19129752
19107713
19066678
19056531
19002852
18969695
18916878
18871853
18841186
18826566
18824945
18800621
18796822
18742491
18733662
18710602
18693302
18693021
18677890
18669040
18643508
18635467
18575256
18570266
18567257
18553172
18522681
18519052
18495467
18474892
18466492
18458398
18393391
18388166
18382219
18367110
18344940
18316470
18301989
18297615
18280250
18267370
18256958
18178582
18165877
18159928
18076870
18061883
18057652
18052679
18046594
18024862
18010237
17988265
17964370
17952105
17925396
17893919
17883414
17870099
17859690
17814327
17728588
17727873
17712466
17707000
17705247
17700659
17687059
17685691
17660800
17651719
17581181
17557530
17505126
17489809
17489375
17473088
17463237
17452652
17444121
17438446
17385431
17370873
17367990
17349861
17339020
17306736
17305307
17284352
17269762
17267921
17266215
17258217
17230465
17223062
17110201
17099073
17057959
17035445
17012401
16988372
16983479
16968279
16927160
16884645
16883458
16875802
16875062
16815831
16759546
16748812
16694964
16683923
16660410
16659901
16648631
16642535
16641481
16589765
16583494
16545525
16544619
16539388
16495824
16448707
16388705
16373421
16286769
16257398
16199179
16196513
16194296
16171386
16144065
16064730
16062571
16044466
15996166
15987226
15985665
15981317
15967766
15961642
15955173
15952920
15918924
15883189
15879454
15853054
15848588
15846818
15830378
15813736
15794835
15738071
15729896
15653711
15628887
15602524
15586410
15574663
15510931
15504403
15454286
15442575
15423655
15408698
15393466
15383700
15348011
15333584
15314184
15296043
15287750
15271372
15240801
15190045
15132526
15098167
15088815
15040599
15035432
15031523
15005900
14989339
14954064
14939702
14937127
14909820
14877568
14824763
14823651
14806839
14796265
14782094
14768224
14754305
14708081
14693500
14679174
14657222
14655553
14651455
14642339
14615350
14599090
14588252
14581805
14544169
14515209
14489619
14485491
14436670
14414184
14399493
14359589
14351371
14343714
14306487
14305323
14272791
14265750
14255337
14241939
14239206
14205457
14189900
14170878
14149116
14102911
14096725
14090166
14089876
14073580
14062400
14058212
14047408
14010306
13996593
13895531
13847684
13821622
13801413
13799433
13783308
13771874
13737464
13737323
13715367
13682472
13668111
13646113
13610312
13609856
13607283
13602670
13597325
13590618
13587253
13577542
13571317
13562189
13554204
13545322
13520520
13468121
13466512
13443331
13420416
13405541
13403014
13397235
13357185
13317590
13314416
13264085
13248288
13199971
13167453
13153550
13149492
13145162
13117064
13056529
13050932
13042173
13019259
12992637
12990873
12954626
12915248
12879405
12862513
12809612
12794147
12767466
12765340
12754007
12752289
12746394
12743052
12726842
12721175
12715452
12699313
12681968
12622279
12614017
12600232
12580823
12522884
12519330
12499009
12487987
12486799
12462485
12434918
12357146
12269396
12240806
12230205
12223541
12220773
12200067
12175522
12158608
12153338
12143691
12135235
12122374
12103579
12067996
11996084
11992844
11988054
11969417
11952039
11896322
11826063
11823596
11816010
11789235
11779963
11763693
11734744
11718733
11712690
11697179
11674493
11661337
11660109
11654649
11624992
11575932
11569993
11566022
11558053
11518851
11506850
11471863
11459483
11446274
11430201
11376649
11350826
11316972
11316652
11310435
11286518
11279251
11248890
11247434
11246810
11227585
11156355
11093776
11077096
11070621
11015294
10999743
10999431
10977066
10952698
10923566
10922588
10910071
10898480
10785224
10779578
10764921
10731968
10697600
10688210
10674839
10654478
10645639
10632712
10617005
10611541
10595762
10572373
10531415
10483418
10461729
10427622
10384179
10361515
10354361
10344208
10331164
10326069
10313833
10291432
10254511
10239061
10232277
10232098
10213055
10176906
10155258
10154781
10123792
10097478
10094269
10093483
10053863
10044569
10044222
10032650
9980807
9959522
9883440
9877241
9819174
9809416
9789991
9780769
9780651
9772269
9771508
9731381
9714697
9684909
9677305
9604446
9553538
9545679
9536048
9476176
9431897
9416719
9407042
9387725
9362648
9349136
9326908
9314609
9312045
9301285
9282982
9246507
9246006
9234289
9229175
9218418
9156978
9151310
9123109
9083432
9043377
9016953
9008234
9001862
8982205
8896661
8895691
8871083
8869626
8849394
8824834
8804812
8783535
8770363
8738813
8718442
8717090
8668679
8666959
8652584
8640273
8637135
8619466
8596345
8595446
8594216
8593623
8524478
8501237
8498600
8472957
8453849
8441985
8412811
8374358
8360409
8341636
8310522
8302182
8275731
8241604
8224108
8214783
8174889
8145091
8138502
8135299
8127031
8098753
8093354
8090127
8061575
8020728
8016769
8016051
7997292
7996931
7995277
7995096
7946170
7929894
7892002
7871976
7866095
7858159
7836882
7811832
7803133
7790526
7781778
7775870
7757047
7724852
7706823
7685525
7677106
7662749
7661902
7626988
7607067
7583710
7534007
7512378
7473002
7458010
7457293
7456537
7456212
7450934
7449795
7443802
7435518
7421142
7402144
7401186
7388413
7335349
7294296
7293901
7290878
7267221
7266513
7251713
7251499
7206108
7205489
7184578
7182542
7149140
7141448
7133098
7094277
7048051
7045409
7005621
6984098
6967766
6940375
6936456
6935039
6887048
6854132
6851457
6811647
6808426
6747245
6727305
6716947
6712221
6709151
6669405
6653702
6643859
6630871
6572489
6549703
6517952
6491874
6461680
6459410
6443734
6423849
6412881
6411053
6373890
6333664
6333557
6284232
6270836
6254760
6250136
6237833
6231641
6229555
6215381
6188093
6187351
6144941
6143315
6103662
6082707
6056185
6025632
6003822
5999152
5988290
5986583
5983357
5979116
5975580
5967483
5962373
5940202
5929349
5864307
5849519
5833925
5831913
5829020
5813970
5807592
5802034
5768090
5744863
5683333
5676035
5675922
5673707
5642547
5639711
5611616
5608283
5599685
5596687
5581240
5478173
5460003
5396684
5390865
5388355
5373044
5361027
5329044
5303316
5249482
5249386
5179380
5165727
5158835
5151009
5104972
5102326
5101836
5097554
5062756
5055841
5047092
5035319
5011720
4993402
4956811
4950120
4904425
4850454
4828660
4767303
4766266
4759847
4746778
4736759
4732953
4721877
4719357
4691736
4674910
4661985
4652785
4649284
4621067
4569372
4568362
4540375
4506665
4458957
4431818
4424626
4420966
4417985
4296086
4283706
4246969
4216856
4213822
4205092
4192074
4182913
4167678
4100382
4092475
4047647
4019310
4006104
3948782
3942263
3884323
3882117
3852442
3852344
3846506
3838810
3813454
3802160
3755309
3743659
3735649
3724316
3714434
3710220
3639779
3627508
3622159
3604115
3603643
3585816
3573579
3573333
3508959
3506293
3504813
3491161
3489377
3461350
3434080
3433896
3431565
3422922
3401499
3378259
3355743
3330753
3290662
3260410
3235190
3163272
3161425
3133800
3119783
3113035
3112340
3076522
3073340
3056750
3045271
3030528
3005643
2998414
2940842
2870943
2826041
2822165
2813870
2806596
2798835
2771354
2765305
2728046
2723039
2718251
2705079
2687071
2666896
2640310
2627745
2597952
2596980
2559943
2558956
2554175
2529322
2527085
2494481
2441289
2438863
2433405
2431481
2426807
2415446
2403298
2382709
2380265
2376417
2328760
2323340
2279810
2263430
2249292
2227340
2227256
2226416
2224424
2200884
2179127
2160999
2158691
2131828
2116339
2103519
2084366
2012397
2006592
1991102
1964148
1963745
1930131
1925370
1913310
1897467
1888599
1867102
1862061
1826593
1782963
1775637
1772844
1754172
1719784
1716807
1712407
1696082
1686357
1677833
1666155
1664386
1657578
1621510
1615316
1496033
1459519
1446389
1389678
1371197
1358906
1349495
1327638
1320691
1317940
1316636
1316380
1256240
1255264
1251771
1249381
1175336
1165663
1149195
1142135
1137124
1104919
1093302
1080302
1077426
1037382
950173
920637
909210
868194
843909
827621
823719
815279
789478
782672
780904
764149
693600
641793
607499
602054
554718
549815
541414
536584
526754
523297
519704
481036
473358
444943
438024
425785
393843
305940
276327
260100
238319
234518
118298
83967
69509
66388
58986
37429
20891
-2582
-4031
-40834
-50247
-50284
-67308
-79267
-84631
-98842
-185128
-185693
-202505
-203021
-235962
-252085
-319815
-339887
-341629
-360502
-396897
-415945
-431708
-469571
-471525
-481327
-529500
-559323
-564436
-574299
-677696
-679602
-739151
-741378
-744273
-771114
-775249
-804196
-831536
-836045
-838540
-875940
-888951
-897440
-923814
-924675
-942337
-943097
-951888
-962578
-990045
-1001177
-1013259
-1030925
-1052191
-1121025
-1148938
-1168273
-1253222
-1300596
-1325187
-1359262
-1389091
-1392982
-1440824
-1447708
-1492698
-1505557
-1508218
-1527924
-1552845
-1558337
-1558366
-1569801
-1575845
-1578658
-1595774
-1611180
-1645855
-1670670
-1684829
-1712187
-1720683
-1733817
-1748874
-1773931
-1826533
-1851087
-1948269
-1989313
-2003688
-2013973
-2053802
-2142718
-2197374
-2209438
-2219731
-2237608
-2239477
-2294625
-2369928
-2388040
-2395599
-2426875
-2443076
-2474353
-2494123
-2574289
-2579414
-2595155
-2599302
-2601454
-2605056
-2619954
-2670007
-2681851
-2701209
-2740937
-2762415
-2776112
-2785356
-2809174
-2812131
-2833580
-2854811
-2887583
-2894484
-2898872
-2936236
-3014103
-3025530
-3026473
-3033279
-3053903
-3112097
-3123374
-3129910
-3133637
-3149375
-3156549
-3176016
-3197138
-3205466
-3222223
-3245820
-3262372
-3264865
-3275988
-3304902
-3338783
-3389743
-3419582
-3428367
-3456612
-3460837
-3491497
-3499399
-3502408
-3530750
-3534658
-3534864
-3569116
-3615720
-3622507
-3642073
-3681544
-3684313
-3730382
-3771719
-3782008
-3810085
-3835881
-3838168
-3899583
-3924768
-3939005
-3945525
-4001323
-4016903
-4070063
-4116525
-4141056
-4155788
-4193844
-4245452
-4254918
-4258503
-4261459
-4277300
-4281558
-4301119
-4327930
-4342579
-4342865
-4353755
-4422179
-4429516
-4456601
-4461733
-4491845
-4498908
-4508148
-4519965
-4522195
-4564710
-4574055
-4576766
-4580973
-4615390
-4637812
-4650774
-4666975
-4708752
-4719611
-4724287
-4729255
-4756683
-4788460
-4789601
-4795948
-4803977
-4854481
-4863853
-4896542
-4901019
-4950299
-4955023
-4988717
-4998586
-5001384
-5032904
-5045009
-5050014
-5064629
-5113764
-5128099
-5146334
-5164316
-5181909
-5186429
-5188683
-5194418
-5227044
-5232600
-5248034
-5281543
-5284261
-5284848
-5298220
-5306585
-5342334
-5353540
-5355318
-5357914
-5367502
-5382805
-5406496
-5408811
-5410563
-5425283
-5425996
-5426916
-5469088
-5483388
-5486632
-5492353
-5503548
-5505504
-5518400
-5543847
-5547346
-5554458
-5558663
-5570791
-5594796
-5603764
-5604610
-5617920
-5633144
-5643708
-5674238
-5677650
-5683588
-5742865
-5758004
-5765373
-5769258
-5777954
-5793855
-5816348
-5825145
-5827422
-5833359
-5867711
-5874880
-5876123
-5880420
-5896040
-5921060
-5934404
-5935869
-5943498
-5955896
-5964378
-5992915
-6012577
-6012776
-6016244
-6027551
-6068318
-6087913
-6098341
-6099376
-6130986
-6153854
-6164536
-6177207
-6196872
-6208403
-6269088
-6285519
-6297192
-6304974
-6317383
-6332528
-6334885
-6345187
-6363298
-6437711
-6440724
-6440946
-6445755
-6452282
-6471991
-6480176
-6574475
-6602630
-6602903
-6616813
-6618206
-6629446
-6631447
-6637859
-6639309
-6654111
-6657556
-6670126
-6757934
-6760501
-6770012
-6800754
-6820556
-6831453
-6837629
-6852220
-6879867
-6927448
-6936539
-6956667
-6967223
-7044484
-7076261
-7097738
-7100057
-7121663
-7151733
-7157605
-7182173
-7187659
-7188425
-7210408
-7223268
-7257098
-7266314
-7279293
-7283567
-7324051
-7333293
-7349668
-7428427
-7438334
-7463518
-7470939
-7475535
-7481878
-7495278
-7495809
-7503058
-7507420
-7534624
-7534959
-7537323
-7565702
-7627218
-7631707
-7666018
-7671018
-7671893
-7712218
-7722974
-7814454
-7819051
-7852668
-7879851
-7913677
-7922808
-7928153
-7933113
-8019514
-8073369
-8092052
-8093676
-8124754
-8180450
-8196526
-8220449
-8260312
-8266619
-8270121
-8276586
-8317293
-8319211
-8346059
-8353017
-8399618
-8399712
-8400150
-8413177
-8419978
-8434690
-8453225
-8493557
-8498252
-8508565
-8534327
-8548898
-8562478
-8593625
-8609396
-8634013
-8639871
-8657183
-8662455
-8662801
-8747101
-8785177
-8799404
-8811112
-8813624
-8850798
-8876973
-8882413
-8885555
-8957316
-8960738
-8965008
-8982129
-8998608
-9006354
-9027496
-9042019
-9045507
-9046651
-9099764
-9107221
-9120888
-9124663
-9137390
-9164500
-9172337
-9188840
-9237727
-9259444
-9261994
-9267774
-9277061
-9290170
-9293947
-9315837
-9316899
-9319392
-9361249
-9375714
-9442326
-9463834
-9480053
-9518377
-9518632
-9538070
-9630735
-9632791
-9730731
-9735337
-9765563
-9775420
-9822779
-9836874
-9843885
-9851711
-9858374
-9931628
-9949595
-9995168
-10007331
-10012058
-10037663
-10066240
-10084751
-10100447
-10134931
-10137222
-10143877
-10153999
-10172977
-10176194
-10193457
-10213229
-10215276
-10216826
-10218254
-10249016
-10265059
-10278703
-10290426
-10311958
-10317013
-10416275
-10427514
-10440260
-10445303
-10456153
-10459656
-10459804
-10463582
-10471375
-10482211
-10484512
-10493973
-10525950
-10567017
-10568263
-10629242
-10638589
-10654220
-10658998
-10674925
-10718982
-10751524
-10781753
-10793343
-10820503
-10821682
-10830282
-10837552
-10896788
-10901090
-10923825
-10928488
-10947261
-10966051
-10977320
-11014493
-11031999
-11039680
-11046727
-11050628
-11052974
-11055401
-11088859
-11120131
-11120666
-11137037
-11159269
-11164692
-11177995
-11192273
-11238177
-11240054
-11253115
-11254173
-11293216
-11304943
-11334512
-11337491
-11341943
-11366361
-11371373
-11373502
-11423117
-11476842
-11482068
-11488308
-11490613
-11518167
-11536362
-11566841
-11572016
-11588888
-11607795
-11643140
-11684796
-11688701
-11715134
-11731214
-11747336
-11756918
-11788495
-11789552
-11792290
-11796551
-11888632
-11953704
-11954336
-11990632
-11992489
-11998600
-12002155
-12031335
-12033226
-12082372
-12132768
-12140548
-12178512
-12213657
-12215806
-12227862
-12281609
-12345515
-12358234
-12409915
-12414081
-12433579
-12434003
-12462243
-12478265
-12483001
-12514829
-12522532
-12533401
-12541266
-12552554
-12586431
-12645882
-12654745
-12669051
-12674502
-12716993
-12734307
-12746170
-12759083
-12775233
-12805177
-12806480
-12856937
-12896016
-12896822
-12908287
-12917603
-12920914
-12959683
-12968875
-12971003
-12998417
-13004394
-13013938
-13056801
-13069046
-13085914
-13090625
-13104030
-13175857
-13184129
-13197390
-13206398
-13219440
-13269574
-13292987
-13311740
-13312469
-13318222
-13374862
-13388140
-13422999
-13429445
-13441077
-13444535
-13498886
-13514794
-13583590
-13586008
-13615571
-13617382
-13642052
-13694132
-13747738
-13751323
-13760066
-13773419
-13809309
-13821706
-13837162
-13869170
-13872470
-13919323
-13921530
-13933695
-13967934
-13972645
-13995587
-14002119
-14062567
-14066037
-14071689
-14079579
-14149342
-14161252
-14172489
-14176310
-14187181
-14220223
-14225221
-14239517
-14252098
-14262260
-14276768
-14293081
-14341858
-14347513
-14365361
-14375039
-14397358
-14413054
-14415236
-14420901
-14483748
-14515992
-14519137
-14520461
-14531981
-14596798
-14609205
-14618791
-14672425
-14715950
-14741911
-14754328
-14768508
-14775612
-14776657
-14830977
-14852796
-14854326
-14872719
-14894798
-14925030
-14926886
-14942624
-15000497
-15013705
-15027161
-15030049
-15037081
-15057844
-15121957
-15124580
-15125649
-15128244
-15131694
-15135748
-15138927
-15172273
-15174126
-15175498
-15232803
-15243056
-15243369
-15243597
-15246188
-15248599
-15255489
-15283810
-15349990
-15359352
-15385126
-15400013
-15420777
-15438739
-15451799
-15497154
-15516556
-15525298
-15583954
-15605839
-15622273
-15693022
-15722015
-15731039
-15734657
-15750668
-15762670
-15770748
-15771169
-15771695
-15780965
-15848973
-15875635
-15930189
-15936069
-15966702
-15984753
-16018810
-16059199
-16084615
-16092063
-16117504
-16119567
-16124833
-16125245
-16168818
-16174851
-16236273
-16241497
-16241811
-16308913
-16383913
-16484059
-16528219
-16532259
-16543190
-16545620
-16562456
-16563055
-16567464
-16581571
-16598823
-16599310
-16619300
-16620220
-16635958
-16653454
-16679304
-16689957
-16711491
-16738744
-16766812
-16773887
-16782621
-16782966
-16803622
-16822756
-16938451
-16955461
-16994799
-17003188
-17003676
-17007537
-17082817
-17088883
-17090183
-17129024
-17136060
-17184743
-17202905
-17209675
-17226774
-17229878
-17231283
-17243503
-17246453
-17260159
-17272157
-17302543
-17329649
-17357159
-17359159
-17361734
-17407265
-17449939
-17474056
-17486888
-17509402
-17523937
-17545727
-17549685
-17564930
-17565170
-17569003
-17590555
-17620262
-17651441
-17653102
-17660450
-17677436
-17679174
-17693065
-17708683
-17735871
-17741886
-17747651
-17761318
-17791553
-17801179
-17808150
-17821833
-17830221
-17841625
-17876463
-17878477
-17899256
-17905780
-17905952
-17912799
-17942076
-17956960
-17969347
-17997872
-18020840
-18021905
-18057558
-18087025
-18109049
-18110149
-18127354
-18157229
-18206047
-18215115
-18243538
-18248033
-18285464
-18296738
-18297461
-18313329
-18320827
-18331916
-18334569
-18345598
-18384528
-18404570
-18415649
-18432644
-18458449
-18480123
-18481334
-18486240
-18513304
-18518769
-18521917
-18591974
-18598923
-18608582
-18610567
-18623647
-18660396
-18699839
-18705661
-18711563
-18771618
-18840148
-18884168
-18903216
-18918356
-18922028
-18937935
-18947591
-18985779
-19016469
-19051744
-19070274
-19103662
-19123236
-19143599
-19144056
-19190220
-19277048
-19300848
-19303412
-19306121
-19310441
-19319610
-19361343
-19369219
-19370034
-19387619
-19402036
-19404197
-19404878
-19424637
-19455000
-19474101
-19477848
-19501528
-19512121
-19523698
-19528027
-19555399
-19581568
-19590459
-19602272
-19623288
-19673123
-19679274
-19758824
-19765997
-19777910
-19811300
-19813266
-19851662
-19893730
-19914575
-19987139
-20000258
-20005695
-20021455
-20031087
-20063796
-20079384
-20088888
-20121891
-20140967
-20143091
-20153464
-20176160
-20182719
-20197883
-20215270
-20227303
-20231981
-20239672
-20282797
-20309843
-20324898
-20335535
-20357336
-20363631
-20367213
-20373965
-20398020
-20447227
-20467506
-20488254
-20497663
-20518403
-20557590
-20566172
-20566249
-20568756
-20621951
-20628965
-20645653
-20658836
-20670197
-20680222
-20686065
-20716617
-20725182
-20728623
-20732181
-20747796
-20786162
-20804744
-20819077
-20864400
-20894420
-20895031
-20895245
-20897283
-20949737
-21024431
-21078861
-21153273
-21168653
-21185779
-21218189
-21234716
-21306513
-21344729
-21351586
-21352734
-21385391
-21390346
-21531338
-21531576
-21559274
-21592498
-21592654
-21608664
-21633006
-21637902
-21661494
-21675190
-21686411
-21693502
-21728042
-21729950
-21738664
-21760185
-21776257
-21820491
-21883223
-21899033
-21907968
-21930339
-21972369
-22048865
-22103907
-22112772
-22142193
-22142782
-22158158
-22201527
-22213143
-22228232
-22229763
-22234319
-22248305
-22258610
-22260728
-22262039
-22271865
-22289969
-22313251
-22351393
-22366325
-22374939
-22376131
-22383654
-22393142
-22412364
-22434846
-22519052
-22531560
-22542955
-22578325
-22582937
-22590276
-22604618
-22635298
-22641993
-22644412
-22672251
-22694501
-22730649
-22735277
-22765773
-22807360
-22821708
-22848777
-22868509
-22907634
-22913410
-22923563
-22928596
-22939235
-22979256
-22982322
-23000318
-23008000
-23015483
-23018279
-23027091
-23042796
-23055494
-23086944
-23098930
-23121396
-23148781
-23154552
-23156873
-23165755
-23166911
-23173062
-23202461
-23229412
-23249419
-23249921
-23263381
-23280367
-23283390
-23290626
-23326629
-23328959
-23332842
-23337524
-23340099
-23360675
-23399059
-23424222
-23425748
-23497586
-23502616
-23508079
-23517296
-23553349
-23583016
-23602009
-23610950
-23662088
-23667241
-23682863
-23684383
-23685332
-23691240
-23822525
-23868269
-23888465
-23931940
-23956286
-23973219
-23983933
-23997582
-24005629
-24013408
-24018333
-24060458
-24079648
-24087928
-24101954
-24109645
-24135014
-24156731
-24189320
-24189796
-24263797
-24264854
-24275155
-24284811
-24318590
-24332475
-24346944
-24363402
-24375537
-24383253
-24456100
-24476865
-24487502
-24489170
-24503024
-24505291
-24525115
-24552920
-24601470
-24606494
-24609737
-24644331
-24668479
-24705990
-24706653
-24711834
-24723516
-24728452
-24736706
-24739252
-24748157
-24758929
-24779033
-24796230
-24817252
-24820539
-24850669
-24855978
-24895632
-24903700
-24907285
-24908293
-24931552
-25020635
-25024207
-25065681
-25078419
-25079636
-25081448
-25115075
-25124460
-25190596
-25250746
-25256784
-25258451
-25259980
-25261585
-25304054
-25308442
-25336042
-25340425
-25389192
-25391539
-25425157
-25512298
-25540545
-25566358
-25570547
-25583344
-25605659
-25640702
-25641574
-25673979
-25720452
-25745178
-25749396
-25772180
-25813163
-25821540
-25892941
-25898069
-25936518
-25945585
-25952959
-25954703
-25969061
-25973554
-26073056
-26076767
-26101776
-26107291
-26126915
-26136220
-26157569
-26160457
-26160963
-26165016
-26175440
-26225540
-26308990
-26345208
-26356169
-26369656
-26406003
-26487179
-26489947
-26494955
-26543490
-26553924
-26571253
-26590537
-26624307
-26648380
-26659071
-26759926
-26767003
-26776778
-26820143
-26833125
-26860572
-26874774
-26917870
-26925035
-26933096
-26945201
-26978294
-26988640
-26991282
-27054372
-27065169
-27076867
-27114128
-27126219
-27127811
-27138392
-27151843
-27155468
-27174550
-27196593
-27210880
-27213713
-27234294
-27239653
-27267203
-27267385
-27283319
-27301978
-27305212
-27336517
-27352792
-27362280
-27397980
-27408503
-27442336
-27451920
-27456822
-27488858
-27496650
-27499112
-27513441
-27516997
-27517468
-27522778
-27544250
-27555303
-27556599
-27560847
-27584522
-27584683
-27616199
-27641696
-27649988
-27755292
-27839685
-27876206
-27893983
-27894642
-28019596
-28025564
-28073821
-28076029
-28083930
-28084817
-28121206
-28131833
-28184412
-28186352
-28211196
-28273279
-28329424
-28337176
-28353213
-28355089
-28371610
-28373372
-28440167
-28469545
-28490526
-28500504
-28525281
-28555894
-28561422
-28570872
-28582481
-28606377
-28613445
-28642380
-28657215
-28680672
-28699886
-28792505
-28796313
-28802907
-28843359
-28849656
-28875447
-28939741
-28955910
-28980685
-29023174
-29096408
-29096792
-29118996
-29125817
-29129274
-29160621
-29185985
-29206286
-29220774
-29226654
-29252260
-29285118
-29368312
-29368901
-29390061
-29411047
-29411299
-29459808
-29520100
-29527470
-29530707
-29533706
-29538122
-29541610
-29564248
-29617835
-29633219
-29635761
-29640833
-29647323
-29676970
-29777138
-29788892
-29789531
-29807067
-29815752
-29834850
-29839461
-29864331
-29891560
-29926147
-29930906
-29936339
-29940182
-29952418
-29990598
-30009988
-30026184
-30043492
-30044595
-30081058
-30091474
-30117636
-30130362
-30140323
-30144843
-30148956
-30152624
-30159404
-30174823
-30209184
-30214881
-30220606
-30227694
-30237227
-30346136
-30346863
-30352835
-30359838
-30378494
-30380417
-30380544
-30398689
-30402103
-30410042
-30416860
-30445726
-30449974
-30454404
-30454448
-30460042
-30486858
-30530663
-30547554
-30581779
-30618216
-30631549
-30634618
-30666527
-30677028
-30703375
-30716074
-30720946
-30742774
-30760698
-30814758
-30901991
-30983481
-30987183
-31077980
-31102229
-31109960
-31126393
-31211955
-31225435
-31229527
-31232980
-31241433
-31262286
-31293162
-31371427
-31389210
-31393202
-31395002
-31400930
-31415440
-31441366
-31444041
-31451544
-31495400
-31502047
-31502946
-31505380
-31515304
-31542724
-31543869
-31548390
-31552361
-31567100
-31583002
-31605097
-31627168
-31635384
-31643929
-31646192
-31738686
-31755734
-31781081
-31799219
-31814482
-31814710
-31816804
-31817817
-31828958
-31857296
-31905367
-31918427
-31929648
-31933608
-31939546
-31972681
-31980929
-31996923
-32008229
-32064630
-32074754
-32089263
-32093833
-32111746
-32134333
-32149896
-32160144
-32245994
-32265073
-32299249
-32324776
-32326529
-32344444
-32346163
-32358330
-32378945
-32381466
-32419829
-32475046
-32483053
-32528943
-32532433
-32540207
-32549622
-32574554
-32576636
-32605238
-32609656
-32623762
-32637686
-32675532
-32702247
-32719452
-32725503
-32734109
-32746353
-32753161
-32755480
-32773703
-32773880
-32790712
-32795593
-32809421
-32831936
-32833692
-32846079
-32854275
-32866119
-32870395
-32886920
-32906992
-32911910
-32940170
-32960199
-32983761
-33005091
-33014041
-33050918
-33052512
-33058573
-33069155
-33081197
-33083695
-33085188
-33115641
-33118093
-33131948
-33139126
-33146176
-33169099
-33173021
-33180150
-33187549
-33230038
-33239624
-33286340
-33307697
-33346382
-33351028
-33432904
-33476776
-33501259
-33574873
-33601989
-33660685
-33705267
-33715298
-33782408
-33816369
-33840888
-33874463
-33928260
-33934656
-33973940
-34022241
-34037331
-34049669
-34065764
-34082069
-34120341
-34130134
-34168538
-34181006
-34191000
-34248745
-34260593
-34282296
-34292015
-34292447
-34296064
-34303314
-34320523
-34356514
-34370319
-34386808
-34406204
-34435895
-34463446
-34475549
-34533306
-34540210
-34560022
-34583077
-34597687
-34602035
-34632485
-34665291
-34670492
-34673296
-34684436
-34720268
-34733269
-34733500
-34734351
-34760419
-34792952
-34794019
-34804662
-34815078
-34841061
-34906435
-34921834
-34935995
-34953355
-34969327
-34971612
-34978484
-35007872
-35008815
-35012506
-35019270
-35027338
-35045359
-35046733
-35067995
-35134426
-35140509
-35167562
-35168051
-35197987
-35200838
-35210954
-35228706
-35241467
-35261480
-35270243
-35310714
-35316281
-35336037
-35364909
-35377233
-35394012
-35395265
-35395301
-35395515
-35395577
-35454063
-35458057
-35488523
-35501172
-35504599
-35524474
-35532742
-35586157
-35619102
-35631330
-35645595
-35665501
-35666657
-35715777
-35738210
-35768644
-35777078
-35781678
-35787428
-35799198
-35864292
-35927819
-35928793
-36020452
-36029666
-36073413
-36077444
-36085428
-36106127
-36151134
-36165901
-36201918
-36291428
-36292529
-36300384
-36358994
-36363327
-36364852
-36370393
-36393041
-36393498
-36402371
-36408799
-36420984
-36435212
-36460673
-36467559
-36469367
-36488048
-36496309
-36554836
-36557698
-36562954
-36629065
-36646460
-36646489
-36665639
-36666540
-36680320
-36684525
-36690568
-36693165
-36698350
-36704804
-36737689
-36749712
-36766611
-36788126
-36807494
-36820115
-36829176
-36852512
-36857773
-36860272
-36874615
-36918001
-36968789
-36985530
-37074714
-37082038
-37092472
-37147563
-37171142
-37312545
-37339610
-37357649
-37393686
-37400154
-37402801
-37420686
-37470125
-37488781
-37567351
-37621596
-37642172
-37646169
-37716505
-37718975
-37722995
-37742192
-37758017
-37779277
-37782987
-37787793
-37833704
-37839223
-37850549
-37875843
-37880913
-37942270
-37950042
-37965068
-38010538
-38012025
-38024962
-38045746
-38052809
-38056140
-38059672
-38081945
-38092434
-38107313
-38120228
-38129470
-38131199
-38168030
-38241976
-38247871
-38265572
-38268164
-38281172
-38300600
-38325051
-38328528
-38338664
-38354420
-38377805
-38392685
-38404150
-38421692
-38433841
-38450579
-38456780
-38513821
-38525655
-38554532
-38567503
-38569212
-38569565
-38614837
-38625275
-38652074
-38695472
-38749773
-38751593
-38757486
-38791985
-38794172
-38807511
-38816747
-38839540
-38843690
-38844534
-38851685
-38870012
-38884752
-38917434
-38955082
-38983861
-39021771
-39022729
-39042737
-39054366
-39074210
-39084550
-39090030
-39106103
-39117540
-39141633
-39146305
-39155641
-39166169
-39181320
-39194681
-39204411
-39225654
-39249166
-39256194
-39291601
-39305884
-39326198
-39331069
-39342956
-39367692
-39368738
-39400387
-39405315
-39411285
-39422990
-39458380
-39472390
-39483460
-39525363
-39538714
-39578661
-39590000
-39593618
-39595074
-39629920
-39632064
-39672819
-39678431
-39682121
-39693361
-39727487
-39728754
-39766075
-39805838
-39899146
-39899709
-39908129
-39931141
-39947406
-39950053
-39955136
-39970143
-40001396
-40018005
-40023660
-40038706
-40067550
-40088084
-40090609
-40100984
-40113292
-40158631
-40187209
-40187541
-40201123
-40210378
-40211926
-40286428
-40293892
-40302027
-40306939
-40365949
-40374848
-40391435
-40468284
-40483780
-40548334
-40556486
-40559830
-40567967
-40619194
-40672208
-40680447
-40691530
-40701132
-40723667
-40738363
-40747864
-40757612
-40766831
-40821592
-40909298
-40921682
-40930688
-40940697
-40943659
-40969151
-41007024
-41023823
-41038549
-41058310
-41075046
-41098872
-41116333
-41124819
-41124925
-41178182
-41196347
-41202874
-41225636
-41242031
-41260622
-41267366
-41268087
-41276058
-41278102
-41279372
-41283595
-41306101
-41342283
-41352642
-41368656
-41381234
-41382388
-41385254
-41413202
-41452798
-41470701
-41492588
-41503583
-41584163
-41584919
-41591370
-41634919
-41758628
-41772710
-41786546
-41793467
-41796017
-41801286
-41802820
-41855480
-41878370
-41898812
-41901349
-41916304
-41964618
-41996222
-42020683
-42025126
-42041214
-42042790
-42045797
-42057518
-42065508
-42101430
-42103506
-42118796
-42128254
-42133800
-42152093
-42170934
-42207803
-42232608
-42250657
-42258249
-42262764
-42278963
-42285702
-42290421
-42311152
-42324207
-42337574
-42344141
-42357392
-42389188
-42391803
-42413087
-42415887
-42458988
-42460146
-42460166
-42487464
-42497837
-42525638
-42527201
-42545715
-42558667
-42595301
-42604012
-42605519
-42611555
-42640531
-42657220
-42675195
-42680678
-42694049
-42723456
-42785324
-42802935
-42809041
-42820104
-42831462
-42850088
-42853545
-42910868
-42914517
-42937657
-42963245
-43063499
-43084871
-43096436
-43110036
-43120390
-43153251
-43163727
-43166202
-43166383
-43167496
-43182814
-43191482
-43195913
-43201158
-43202970
-43213036
-43215957
-43234115
-43263677
-43275377
-43301888
-43317580
-43317926
-43319692
-43362815
-43441225
-43446844
-43509036
-43512296
-43541067
-43591278
-43598827
-43643326
-43670182
-43674980
-43692361
-43698432
-43736456
-43753732
-43756008
-43824989
-43860267
-43907304
-43909718
-43942938
-43943458
-43948680
-43970137
-44040301
-44056159
-44064443
-44079034
-44087634
-44101707
-44152122
-44154967
-44161643
-44177704
-44235578
-44248058
-44268311
-44271161
-44273273
-44275307
-44291944
-44292427
-44305752
-44325165
-44337064
-44348391
-44359640
-44391868
-44404662
-44430366
-44436430
-44450073
-44479739
-44499378
-44507301
-44533017
-44564293
-44601284
-44615757
-44658358
-44680001
-44683535
-44694173
-44746754
-44755753
-44809721
-44832353
-44888840
-44902694
-44914621
-44915839
-44920129
-44963599
-44980233
-45011995
-45063645
-45126612
-45129327
-45140054
-45154878
-45178039
-45185907
-45216579
-45246579
-45268909
-45270118
-45296421
-45305685
-45332747
-45338042
-45372238
-45381390
-45397526
-45407931
-45467887
-45476315
-45486348
-45500694
-45504801
-45580259
-45597079
-45616775
-45644631
-45659583
-45703305
-45723446
-45747512
-45756772
-45790593
-45792217
-45804003
-45808580
-45898686
-45927846
-45955556
-45980278
-45984653
-46013667
-46018933
-46035996
-46039010
-46047949
-46099074
-46114326
-46115852
-46122364
-46123359
-46128492
-46132342
-46244697
-46278699
-46285376
-46294316
-46300031
-46349304
-46365911
-46410645
-46438801
-46453416
-46466489
-46483224
-46485526
-46523021
-46526118
-46552687
-46590624
-46597284
-46613198
-46628000
-46635576
-46648142
-46648143
-46684390
-46718403
-46724113
-46760532
-46772732
-46801291
-46808941
-46811577
-46823864
-46830026
-46860834
-46885708
-46903172
-46904756
-46916038
-46924866
-46930080
-46947484
-46983559
-46985829
-46996850
-47004980
-47005133
-47015450
-47051420
-47071145
-47120184
-47123448
-47126522
-47127547
-47150881
-47178940
-47183043
-47186339
-47209176
-47277685
-47283734
-47287326
-47325196
-47341530
-47356687
-47391967
-47427726
-47442577
-47481178
-47488375
-47489041
-47499982
-47578820
-47579251
-47612441
-47624085
-47643204
-47676177
-47769199
-47772905
-47786243
-47793280
-47807495
-47808904
-47810986
-47834227
-47861394
-47869309
-47877758
-47908850
-47926691
-47943199
-47949004
-47993369
-47998023
-48023789
-48046178
-48056509
-48060675
-48073988
-48093506
-48095322
-48101518
-48136898
-48156094
-48172512
-48201365
-48230258
-48244689
-48256027
-48272738
-48303096
-48329754
-48355970
-48369139
-48369305
-48380945
-48408289
-48416433
-48441326
-48460237
-48503178
-48508487
-48512511
-48519966
-48556401
-48569092
-48575729
-48597011
-48619533
-48650462
-48651401
-48675999
-48680133
-48742081
-48754178
-48764879
-48790612
-48796980
-48801640
-48825256
-48827702
-48834853
-48864868
-48875955
-48904277
-48911261
-48937513
-48955528
-48964940
-48977871
-49000929
-49001860
-49105104
-49107437
-49115026
-49117095
-49128143
-49130532
-49168897
-49171278
-49174706
-49257777
-49275245
-49277126
-49280532
-49297960
-49318331
-49322948
-49326351
-49338807
-49339029
-49407682
-49431248
-49474441
-49489060
-49494766
-49535885
-49537133
-49538699
-49561224
-49582438
-49591513
-49607936
-49640403
-49663401
-49666209
-49688246
-49690145
-49699795
-49709756
-49723143
-49726343
-49767560
-49795112
-49851152
-49854739
-49865740
-49866133
-49867342
-49870113
-49890435
-49891047
-49896436
-49918631
-49962596
-49998307
-50008667
-50022564
-50025670
-50039917
-50066042
-50072251
-50082702
-50085024
-50106949
-50116007
-50126097
-50130725
-50192157
-50205712
-50232229
-50240032
-50265332
-50279861
-50292000
-50373586
-50430859
-50434798
-50474477
-50508884
-50528493
-50534529
-50563900
-50582343
-50584914
-50619648
-50660276
-50670894
-50674418
-50693663
-50698991
-50712341
-50751457
-50756798
-50800897
-50801161
-50804764
-50837817
-50850358
-50924129
-50925355
-50927316
-50929743
-50932284
-50935196
-50937153
-50941553
-50951010
-50962903
-50967807
-51012747
-51022216
-51044467
-51049136
-51055750
-51055816
-51062679
-51076419
-51110444
-51128740
-51176147
-51273149
-51297012
-51298312
-51303194
-51315152
-51324817
-51325069
-51378907
-51401028
-51483361
-51491554
-51509565
-51510670
-51523591
-51549436
-51560586
-51597492
-51599393
-51600812
-51602731
-51617835
-51644685
-51651109
-51666624
-51686374
-51689419
-51699646
-51729107
-51734963
-51749815
-51790991
-51801560
-51826452
-51832887
-51847219
-51891524
-51893176
-51893429
-51938738
-51942265
-51971783
-51982629
-51996250
-52026395
-52120066
-52122522
-52157837
-52166330
-52170858
-52209500
-52219659
-52307442
-52313788
-52341926
-52364521
-52375828
-52393475
-52396722
-52427077
-52429194
-52437681
-52439905
-52441968
-52463335
-52488818
-52549029
-52606685
-52635983
-52643692
-52694774
-52716931
-52727111
-52760467
-52770233
-52789310
-52795715
-52819066
-52820164
-52830669
-52865597
-52897440
-52916519
-52917615
-52920739
-52950460
-52968900
-52980365
-52987897
-53055873
-53072706
-53088561
-53145661
-53148857
-53195066
-53197591
-53202171
-53229472
-53240318
-53261317
-53291091
-53334393
-53379887
-53420774
-53446889
-53459490
-53460433
-53532392
-53539951
-53542976
-53615813
-53621201
-53633366
-53648471
-53667001
-53697138
-53738688
-53753549
-53762469
-53771006
-53783478
-53819843
-53820707
-53840730
-53873311
-53902729
-53920858
-53921892
-54017138
-54035155
-54035686
-54082983
-54119066
-54136904
-54186696
-54209866
-54262259
-54287492
-54334063
-54361607
-54374415
-54381587
-54384792
-54393525
-54401015
-54431733
-54484559
-54510490
-54510799
-54545970
-54568549
-54573107
-54628291
-54634507
-54667069
-54676567
-54685936
-54739832
-54768634
-54820759
-54820776
-54826447
-54847349
-54870729
-54891908
-54897837
-54904073
-54914956
-54918859
-54941302
-54945766
-54978428
-55033585
-55045600
-55076470
-55083664
-55084877
-55089691
-55099458
-55104277
-55118842
-55125026
-55171974
-55186358
-55189162
-55218521
-55220797
-55250883
-55252916
-55257086
-55263415
-55355024
-55400987
-55435212
-55454960
-55491342
-55520697
-55546197
-55550554
-55569469
-55582032
-55597431
-55603222
-55604860
-55626356
-55664459
-55692463
-55724193
-55755544
-55783544
-55808762
-55814934
-55815193
-55835407
-55857709
-55918576
-55931195
-55958234
-55963911
-55970960
-55975206
-55986098
-56011549
-56015624
-56028786
-56031028
-56044627
-56070131
-56071286
-56085652
-56090200
-56091463
-56142067
-56176827
-56252110
-56264811
-56273904
-56324824
-56330215
-56358405
-56393566
-56409441
-56429669
-56435612
-56443440
-56487157
-56507507
-56518867
-56533456
-56541953
-56545579
-56578127
-56579746
-56595224
-56620934
-56627998
-56641412
-56666876
-56674203
-56675325
-56741672
-56782014
-56787852
-56800556
-56801674
-56814219
-56840055
-56847800
-56848660
-56849056
-56943099
-56967162
-56977418
-57005989
-57060195
-57086105
-57087666
-57096178
-57172057
-57203008
-57206710
-57226978
-57262594
-57285977
-57305240
-57316242
-57317429
-57318668
-57319174
-57322169
-57323062
-57331155
-57337231
-57354606
-57396511
-57443477
-57447346
-57448531
-57457099
-57463378
-57467810
-57492267
-57505831
-57508553
-57545805
-57547862
-57563524
-57603984
-57608262
-57624402
-57628945
-57644930
-57647576
-57656873
-57663184
-57685859
-57688901
-57701749
-57715600
-57727924
-57758771
-57759768
-57760895
-57785583
-57788386
-57800046
-57806872
-57808689
-57851856
-57856513
-57859311
-57885786
-57918244
-57924349
-57947037
-57949583
-57999054
-58020910
-58029484
-58062249
-58092978
-58099545
-58119540
-58132125
-58149287
-58171514
-58213372
-58313348
-58314541
-58353352
-58360703
-58387316
-58398022
-58409413
-58417101
-58431502
-58456171
-58480463
-58486066
-58512425
-58516889
-58526973
-58579063
-58584505
-58608035
-58650595
-58673697
-58677253
-58685935
-58711761
-58784777
-58841512
-58861305
-58984505
-58987904
-59052720
-59098142
-59102654
-59112415
-59157737
-59165349
-59207054
-59236502
-59243511
-59251265
-59260574
-59286881
-59295817
-59320611
-59374579
-59383625
-59386821
-59400962
-59418651
-59439292
-59450117
-59456501
-59488320
-59503236
-59519811
-59579181
-59583152
-59590067
-59632441
-59654836
-59668593
-59694132
-59725547
-59730085
-59770755
-59771414
-59799330
-59802869
-59803016
-59805511
-59814351
-59843488
-59907814
-59912215
-59952833
-59965311
-59970100
-59991423
-59998207
-60010562
-60014958
-60052086
-60058356
-60070206
-60079488
-60079812
-60085447
-60140110
-60204978
-60212520
-60215834
-60225655
-60226650
-60227706
-60244766
-60246400
-60247492
-60252839
-60271342
-60286731
-60294186
-60308138
-60373993
-60430201
-60431682
-60448855
-60488402
-60537165
-60564060
-60577164
-60589655
-60592331
-60613450
-60621657
-60642442
-60665796
-60684444
-60695841
-60712487
-60759722
-60763228
-60780082
-60780312
-60780801
-60803473
-60820325
-60820341
-60832818
-60837944
-60870925
-60877328
-60941178
-60974884
-60975858
-60979823
-61014130
-61024248
-61029037
-61055096
-61078833
-61078894
-61089098
-61092247
-61098060
-61127169
-61145128
-61214986
-61229885
-61233609
-61259251
-61283617
-61289821
-61335648
-61335755
-61340286
-61362203
-61363020
-61386547
-61503419
-61555078
-61561245
-61561440
-61576271
-61588114
-61606735
-61642812
-61656017
-61666151
-61671714
-61676622
-61698511
-61700572
-61706696
-61709696
-61719269
-61723421
-61726169
-61787714
-61810424
-61813263
-61817885
-61828449
-61882402
-61900888
-61940865
-61953516
-61964434
-61976101
-62011343
-62025997
-62091667
-62095877
-62112937
-62125263
-62174682
-62191799
-62228409
-62228879
-62239818
-62257996
-62261800
-62269473
-62293672
-62304054
-62321181
-62321836
-62331778
-62345274
-62359776
-62376589
-62391812
-62391824
-62473703
-62475704
-62481301
-62591748
-62613321
-62615376
-62616594
-62658642
-62668296
-62675051
-62681893
-62681975
-62703047
-62708390
-62723111
-62729308
-62756805
-62792847
-62823971
-62849143
-62908344
-62911318
-62942020
-62978657
-63020014
-63076886
-63085836
-63086868
-63087984
-63096148
-63104194
-63117522
-63180799
-63198005
-63211150
-63221909
-63261896
-63266713
-63268197
-63296729
-63308553
-63324656
-63341506
-63359544
-63365867
-63380597
-63406157
-63455352
-63483709
-63490392
-63541932
-63589211
-63620158
-63621344
-63688799
-63691719
-63713286
-63731156
-63733626
-63735508
-63738000
-63768141
-63778846
-63799261
-63830258
-63860258
-63863730
-63907167
-63922059
-63931310
-63961743
-63972533
-63972975
-63985471
-64001177
-64013645
-64013813
-64026536
-64071296
-64089386
-64127654
-64131922
-64136604
-64153108
-64161023
-64167354
-64185663
-64197015
-64202721
-64206951
-64227178
-64271687
-64277018
-64331281
-64347827
-64349632
-64356701
-64359135
-64363967
-64368862
-64391670
-64398930
-64415297
-64494362
-64500391
-64516097
-64526898
-64526970
-64552253
-64635404
-64641689
-64647272
-64694535
-64718230
-64756899
-64770815
-64792666
-64799440
-64821850
-64835286
-64850035
-64885832
-64893695
-64913113
-64951073
-64960414
-64967628
-64973488
-64974234
-65031616
-65125910
-65146351
-65148058
-65149557
-65150967
-65164101
-65179484
-65221923
-65252481
-65265426
-65292835
-65299353
-65332876
-65369236
-65388124
-65396680
-65445012
-65454808
-65483940
-65520597
-65594430
-65610304
-65634016
-65643388
-65653015
-65684272
-65687461
-65714006
-65718914
-65739059
-65739849
-65760236
-65781566
-65800946
-65880236
-65893474
-66012804
-66012926
-66050182
-66057053
-66060686
-66066772
-66091277
-66121018
-66143395
-66190479
-66232114
-66235779
-66259020
-66267248
-66269732
-66320421
-66326959
-66345329
-66404908
-66419844
-66457878
-66459535
-66490303
-66500022
-66534573
-66549197
-66556758
-66560590
-66589948
-66604543
-66609648
-66616038
-66650318
-66658577
-66665476
-66665559
-66677493
-66689431
-66695010
-66715650
-66716163
-66762602
-66763088
-66781576
-66787154
-66788644
-66805614
-66808607
-66827585
-66828802
-66830209
-66845873
-66854260
-66868929
-66870923
-66873382
-66879392
-66900858
-66909718
-66926732
-66942033
-66963764
-66978890
-66991383
-67002017
-67010844
-67034012
-67050109
-67059997
-67060296
-67068199
-67082963
-67084400
-67132808
-67155634
-67209610
-67216543
-67261431
-67278098
-67294915
-67313914
-67324913
-67331805
-67349051
-67365781
-67371720
-67426451
-67428941
-67429853
-67488544
-67498601
-67528165
-67570586
-67588630
-67611797
-67619793
-67623894
-67644999
-67662107
-67743121
-67749524
-67837290
-67843698
-67871547
-67880614
-67888237
-67922906
-67972967
-67977561
-67998280
-68026659
-68091699
-68113550
-68131325
-68132453
-68141534
-68149180
-68156798
-68195631
-68228606
-68233267
-68259078
-68264748
-68291360
-68328184
-68328998
-68383715
-68396202
-68421304
-68442941
-68465134
-68486832
-68503919
-68504593
-68507013
-68547693
-68575093
-68592392
-68639557
-68664178
-68698979
-68735369
-68739164
-68773142
-68778538
-68805057
-68839456
-68857751
-68868257
-68886809
-68924448
-68935568
-68952680
-68953483
-68964602
-68978731
-68984158
-68990406
-69004659
-69022551
-69057523
-69089976
-69098959
-69127243
-69142173
-69177191
-69180062
-69180823
-69216887
-69220899
-69233207
-69286653
-69316212
-69343705
-69344065
-69361906
-69388399
-69393441
-69431201
-69431541
-69437053
-69454012
-69473939
-69490233
-69512630
-69520325
-69551464
-69560138
-69564501
-69627713
-69635816
-69660692
-69682573
-69694550
-69709930
-69746606
-69750962
-69753390
-69776832
-69794064
-69805530
-69818412
-69827170
-69839425
-69851092
-69898104
-69899245
-69904938
-69910834
-69916465
-69950814
-69958414
-69964341
-69976623
-69995050
-70001099
-70040655
-70051009
-70067942
-70074458
-70077650
-70140407
-70142986
-70157452
-70162204
-70169506
-70180556
-70202047
-70215969
-70231042
-70267949
-70287563
-70289508
-70295736
-70312502
-70314891
-70329861
-70385247
-70444181
-70458107
-70488834
-70520414
-70525488
-70537742
-70566637
-70572382
-70586582
-70602085
-70612602
-70658907
-70659813
-70702113
-70708331
-70731318
-70737489
-70790318
-70793464
-70822314
-70850346
-70857748
-70916699
-70918098
-70942471
-70954892
-70956726
-70961670
-70979016
-71043749
-71051499
-71107485
-71111219
-71114531
-71128808
-71141209
-71183733
-71209642
-71218578
-71232563
-71234818
-71260420
-71264537
-71265429
-71285367
-71330174
-71332224
-71347529
-71351399
-71354709
-71415088
-71427595
-71432744
-71480497
-71522825
-71531216
-71568163
-71588570
-71595434
-71595730
-71603361
-71633663
-71642566
-71658656
-71682918
-71685259
-71697871
-71699636
-71702449
-71704918
-71714210
-71714674
-71739204
-71751152
-71774930
-71805363
-71820994
-71825643
-71826139
-71830273
-71845983
-71860216
-71877500
-71879026
-71889556
-71897519
-71923667
-71947040
-71948721
-71957551
-71965243
-71993350
-72021951
-72045830
-72047921
-72081088
-72107078
-72151092
-72153093
-72170144
-72183448
-72225934
-72226725
-72262456
-72274091
-72288532
-72316245
-72353610
-72400371
-72408557
-72442327
-72445417
-72446360
-72446684
-72482930
-72509847
-72520796
-72523430
-72525807
-72551960
-72558318
-72585340
-72614939
-72633927
-72643912
-72648682
-72667592
-72681140
-72709639
-72753614
-72780342
-72816237
-72824075
-72836067
-72839899
-72898957
-72902108
-72929200
-72994746
-73004171
-73018492
-73036081
-73043105
-73046837
-73059601
-73093692
-73128621
-73130714
-73136024
-73177458
-73249338
-73274672
-73324059
-73365625
-73370731
-73394719
-73448081
-73458681
-73462430
-73469883
-73480314
-73493802
-73497563
-73566249
-73575234
-73586951
-73598360
-73612214
-73688913
-73703798
-73727671
-73752935
-73767768
-73796500
-73807975
-73851637
-73858258
-73875257
-73886092
-73890824
-73920220
-73985231
-73992463
-73994331
-74095990
-74118946
-74178232
-74219866
-74251584
-74259661
-74272686
-74273729
-74317374
-74323000
-74354314
-74355201
-74404054
-74440586
-74446360
-74455383
-74472185
-74504077
-74508902
-74520249
-74538567
-74577423
-74578014
-74614031
-74620676
-74659369
-74667944
-74668966
-74670055
-74674413
-74721508
-74727936
-74790243
-74808022
-74812533
-74825058
-74852353
-74861152
-74939760
-74962099
-74962175
-74972432
-74974964
-74995836
-75004970
-75028102
-75046985
-75048154
-75065405
-75069094
-75069186
-75091791
-75112964
-75118397
-75153487
-75163436
-75165110
-75249506
-75249999
-75254431
-75322470
-75328272
-75335449
-75355442
-75384916
-75433813
-75467718
-75541758
-75562803
-75570808
-75581614
-75661663
-75673197
-75673619
-75714136
-75816780
-75856303
-75921393
-75939537
-75949161
-75984378
-76025146
-76041062
-76075557
-76092704
-76108204
-76121503
-76122889
-76124817
-76226938
-76234900
-76307181
-76336964
-76370074
-76387576
-76472732
-76476688
-76502135
-76506648
-76531683
-76533581
-76560655
-76575524
-76599557
-76646030
-76654183
-76686171
-76689174
-76744845
-76769716
-76781255
-76802735
-76808393
-76817043
-76852611
-76854590
-76922945
-76930877
-76932932
-76946848
-76973610
-77006961
-77025532
-77035502
-77042095
-77064485
-77081499
-77093198
-77138862
-77145063
-77150471
-77160124
-77164906
-77224775
-77252187
-77261650
-77291660
-77299858
-77308801
-77323918
-77342618
-77343982
-77347118
-77352725
-77386678
-77387852
-77431676
-77444327
-77447568
-77483580
-77497117
-77498550
-77512026
-77529768
-77536107
-77537646
-77555967
-77567136
-77572404
-77587372
-77651525
-77653339
-77663680
-77671438
-77674547
-77702128
-77715069
-77742700
-77784767
-77800240
-77825476
-77830030
-77860254
-77869737
-77883078
-77928108
-77948989
-77960509
-77961921
-77968803
-77974784
-77983721
-77996833
-77996944
-78016569
-78143254
-78158180
-78183854
-78200251
-78228460
-78264436
-78277323
-78303366
-78308742
-78337866
-78351354
-78358251
-78379435
-78392636
-78423601
-78455675
-78472334
-78480692
-78488483
-78493379
-78522253
-78529372
-78530540
-78560976
-78585196
-78599332
-78603931
-78609316
-78620139
-78624573
-78656228
-78662277
-78684114
-78711042
-78737332
-78749433
-78770043
-78797494
-78811989
-78814363
-78822206
-78822239
-78830855
-78836318
-78850043
-78855855
-78887594
-78890652
-78903444
-78917346
-78979475
-78990912
-79017873
-79066961
-79087014
-79139380
-79175172
-79209945
-79212358
-79264548
-79287535
-79288848
-79303787
-79318026
-79323048
-79356085
-79356134
-79375064
-79403688
-79414348
-79435272
-79442281
-79445025
-79451635
-79471797
-79504606
-79521835
-79556918
-79617164
-79689276
-79706775
-79724750
-79743103
-79758381
-79765297
-79780800
-79795245
-79813921
-79827620
-79853589
-79862412
-79882523
-79902800
-79907829
-79912245
-79984973
-80002220
-80089497
-80114047
-80200694
-80203807
-80243713
-80269199
-80287495
-80314715
-80316505
-80375586
-80383360
-80392961
-80439952
-80441821
-80456305
-80471245
-80514859
-80569267
-80592428
-80618851
-80624845
-80661396
-80701322
-80715057
-80733181
-80755693
-80756858
-80779880
-80782672
-80817800
-80820651
-80848240
-80870273
-80919613
-80953155
-80976474
-81020259
-81020524
-81088376
-81091899
-81096904
-81103615
-81107022
-81111815
-81159293
-81166469
-81215419
-81216475
-81243936
-81245472
-81290256
-81298152
-81305272
-81332040
-81410359
-81411854
-81412747
-81423078
-81476584
-81476709
-81490839
-81495341
-81542268
-81573800
-81582286
-81595881
-81598973
-81605249
-81609509
-81617545
-81665029
-81692061
-81699869
-81727391
-81735996
-81747455
-81753685
-81758780
-81770519
-81771173
-81772424
-81780161
-81807588
-81827570
-81899160
-81904141
-81934277
-81968094
-81977166
-81977466
-81992998
-82004052
-82012069
-82041526
-82070248
-82081598
-82093881
-82115546
-82120034
-82136270
-82137959
-82150916
-82161131
-82175622
-82191468
-82199404
-82289030
-82319232
-82350276
-82352726
-82404963
-82407279
-82423016
-82504536
-82513168
-82529717
-82551378
-82553509
-82557815
-82566443
-82572551
-82594864
-82604360
-82610611
-82637587
-82656212
-82687859
-82724922
-82744606
-82771969
-82791782
-82794872
-82806583
-82815929
-82826934
-82832538
-82837981
-82872940
-82900136
-82965042
-82972471
-82988874
-83017647
-83031973
-83050873
-83051035
-83084105
-83087080
-83130462
-83132104
-83172048
-83185251
-83187037
-83221421
-83225135
-83242667
-83263186
-83324688
-83334393
-83343239
-83365787
-83369365
-83378755
-83380708
-83390712
-83411765
-83414562
-83423732
-83427779
-83432740
-83455080
-83455629
-83488182
-83509482
-83531056
-83533030
-83552673
-83558148
-83583836
-83665212
-83665473
-83681505
-83709325
-83721671
-83724931
-83740013
-83744678
-83764462
-83790507
-83804214
-83820623
-83827332
-83857007
-83897627
-83929714
-83930134
-83934572
-84037770
-84038783
-84055843
-84073538
-84092659
-84099233
-84102910
-84108666
-84115342
-84116075
-84140026
-84140870
-84190647
-84222218
-84225147
-84226881
-84228792
-84243275
-84245074
-84258575
-84262919
-84300917
-84331343
-84340462
-84341934
-84344493
-84346128
-84384356
-84396700
-84428118
-84430897
-84446518
-84464023
-84470963
-84539033
-84565335
-84630340
-84639601
-84658195
-84685347
-84692397
-84700037
-84734321
-84734860
-84788147
-84796805
-84809427
-84820467
-84880791
-84905346
-84909132
-84924991
-84944177
-85006413
-85019258
-85032642
-85052205
-85075333
-85145627
-85172737
-85187056
-85187438
-85197434
-85201671
-85214047
-85221401
-85229481
-85253012
-85256668
-85259392
-85306337
-85317067
-85328421
-85335603
-85336639
-85360028
-85384792
-85454557
-85485593
-85486452
-85562996
-85566964
-85612605
-85639044
-85676891
-85679769
-85708816
-85739874
-85740770
-85764138
-85764157
-85765784
-85831186
-85848255
-85852942
-85856090
-85863508
-85871890
-85879558
-85881810
-85909133
-85994330
-86018031
-86018617
-86035447
-86048381
-86079540
-86091343
-86109343
-86128750
-86151235
-86178373
-86189600
-86229485
-86239175
-86248721
-86295130
-86311501
-86338845
-86360104
-86392622
-86474195
-86477495
-86511018
-86564825
-86565779
-86568279
-86575898
-86610852
-86683483
-86687532
-86714516
-86728447
-86747832
-86771749
-86772456
-86782453
-86792605
-86810652
-86813126
-86827178
-86875556
-86879879
-86912997
-86967858
-87019565
-87033424
-87040535
-87076952
-87092054
-87106038
-87116900
-87160799
-87165535
-87195808
-87226763
-87229570
-87241345
-87293362
-87385059
-87397865
-87407837
-87441431
-87444966
-87459017
-87477389
-87563961
-87573023
-87678465
-87679239
-87708600
-87730124
-87735170
-87756516
-87873700
-87880689
-87924327
-87924618
-87964724
-87977366
-87994235
-88049364
-88092796
-88093795
-88101981
-88110598
-88124462
-88133892
-88139578
-88182783
-88203703
-88217827
-88229021
-88270293
-88283447
-88285002
-88332025
-88346007
-88356297
-88358232
-88367573
-88385631
-88392349
-88395805
-88453239
-88489784
-88492505
-88509150
-88556350
-88558266
-88560576
-88601180
-88617414
-88645584
-88654568
-88687177
-88696578
-88706114
-88749081
-88772591
-88804532
-88809700
-88823169
-88844377
-88862728
-88863481
-88863904
-88873602
-88878072
-88880790
-88882322
-88894468
-88894707
-88917074
-88927411
-88933213
-88933216
-88967779
-88990740
-88992772
-89024825
-89058182
-89061356
-89117026
-89182835
-89210220
-89221630
-89224990
-89251275
-89257014
-89266811
-89283448
-89325835
-89344423
-89364320
-89448974
-89450411
-89455406
-89465134
-89502227
-89511451
-89511893
-89537884
-89554472
-89580537
-89592979
-89617294
-89656597
-89657276
-89676623
-89686244
-89694461
-89719860
-89734948
-89738796
-89751316
-89754254
-89765343
-89781864
-89786204
-89791239
-89821476
-89831934
-89843377
-89888552
-89902444
-89912127
-89932531
-90022492
-90027372
-90031736
-90032125
-90071141
-90114901
-90132591
-90135507
-90158897
-90171040
-90172040
-90302263
-90303548
-90307949
-90308282
-90319491
-90332313
-90333901
-90385591
-90387298
-90391275
-90394205
-90395004
-90441322
-90450129
-90455269
-90464891
-90467373
-90474485
-90529592
-90569530
-90574609
-90591957
-90657065
-90709831
-90728197
-90736039
-90769972
-90799893
-90805340
-90814437
-90819962
-90837384
-90891351
-90917190
-90918496
-90927498
-90974093
-90976315
-91026387
-91027649
-91053928
-91056981
-91099672
-91114339
-91122325
-91155138
-91190285
-91217205
-91217577
-91219382
-91268203
-91271754
-91317079
-91340927
-91408355
-91415084
-91424369
-91425159
-91442980
-91452128
-91462446
-91478996
-91480957
-91485268
-91495183
-91499501
-91517851
-91517972
-91520124
-91543338
-91551267
-91568283
-91577913
-91599451
-91617390
-91632489
-91662589
-91664505
-91681032
-91720444
-91743330
-91746662
-91774365
-91809052
-91819922
-91822732
-91844262
-91844543
-91858502
-91863014
-91905327
-91913790
-91955005
-91957650
-91970853
-92027990
-92029596
-92035231
-92042919
-92045911
-92081485
-92086693
-92109615
-92135226
-92190251
-92199039
-92212232
-92252415
-92261838
-92274710
-92276404
-92280223
-92316791
-92372131
-92400566
-92412641
-92412705
-92428430
-92437541
-92443826
-92449601
-92481044
-92518028
-92533688
-92538267
-92560455
-92563736
-92599505
-92647969
-92667655
-92712399
-92741215
-92776536
-92790451
-92797787
-92822150
-92840875
-92845572
-92874493
-92889405
-92921666
-92936575
-92978533
-93023787
-93039274
-93065444
-93075667
-93093618
-93123920
-93130589
-93141936
-93195063
-93195574
-93196845
-93198213
-93208819
-93221433
-93251765
-93300540
-93314647
-93325513
-93332872
-93365923
-93371537
-93406455
-93413980
-93431671
-93470785
-93480855
-93482226
-93544854
-93635055
-93680691
-93689417
-93693889
-93696701
-93698608
-93711200
-93719400
-93726493
-93730557
-93759380
-93825063
-93830589
-93843327
-93856223
-93859566
-93879679
-93888733
-93925239
-93947502
-93974150
-93987631
-93996493
-94016762
-94037725
-94048584
-94049606
-94068214
-94070355
-94155654
-94175563
-94183333
-94187637
-94203483
-94238422
-94242496
-94260696
-94276234
-94314328
-94340573
-94347380
-94392323
-94395663
-94403960
-94414709
-94433264
-94441849
-94442585
-94461070
-94472889
-94483881
-94484051
-94499452
-94514516
-94519866
-94525936
-94529768
-94567398
-94588767
-94604606
-94607896
-94611311
-94625704
-94678439
-94695284
-94706084
-94706574
-94708171
-94728260
-94778532
-94810410
-94818483
-94823825
-94914260
-94922096
-94928151
-94955617
-94972554
-94976944
-94979871
-94988087
-95024676
-95029872
-95046354
-95065272
-95088626
-95104829
-95134397
-95142910
-95165689
-95185631
-95188551
-95197573
-95205370
-95219878
-95229471
-95295040
-95313773
-95315201
-95332846
-95343161
-95375883
-95377412
-95382663
-95397391
-95402460
-95442481
-95508700
-95524619
-95525688
-95527373
-95535238
-95585639
-95687853
-95695747
-95770645
-95778886
-95810116
-95810816
-95818692
-95823102
-95824942
-95840756
-95844846
-95877084
-95911657
-95938244
-95939269
-95968975
-96035178
-96042822
-96055241
-96065378
-96070284
-96094890
-96099016
-96126265
-96131372
-96148281
-96153600
-96158154
-96188055
-96193893
-96209871
-96224425
-96224898
-96237756
-96250072
-96279313
-96286655
-96291975
-96298999
-96334713
-96337418
-96389522
-96400809
-96421729
-96437179
-96441792
-96452658
-96469295
-96483284
-96486924
-96495493
-96598559
-96614088
-96615967
-96640219
-96655675
-96708449
-96723988
-96725053
-96725691
-96728826
-96745159
-96746958
-96764880
-96773256
-96790561
-96829654
-96857061
-96863718
-96870886
-96896615
-96917654
-96921574
-96942128
-96943101
-96959369
-97020141
-97033447
-97052986
-97066907
-97100223
-97134987
-97156810
-97159017
-97176536
-97184513
-97204109
-97235474
-97245564
-97248756
-97268645
-97277699
-97326658
-97347374
-97366305
-97370657
-97409597
-97419459
-97425367
-97429467
-97434126
-97453445
-97468053
-97484461
-97530927
-97532686
-97552373
-97568498
-97585163
-97591110
-97612634
-97623553
-97625145
-97626094
-97651132
-97652724
-97698919
-97727457
-97760592
-97808514
-97837931
-97846009
-97852770
-97890407
-97899068
-97904837
-97919656
-97922859
-97938954
-97964559
-97965031
-97996059
-97999348
-98019506
-98026846
-98043119
-98065208
-98080763
-98098339
-98100858
-98116185
-98122537
-98134825
-98151541
-98166779
-98169711
-98182279
-98231477
-98250083
-98304835
-98339925
-98350996
-98356070
-98361811
-98388690
-98405606
-98426213
-98427033
-98440198
-98465060
-98467611
-98476368
-98583982
-98589102
-98623515
-98623818
-98652642
-98659246
-98660406
-98691269
-98703596
-98736435
-98750434
-98766414
-98770290
-98771870
-98814224
-98818998
-98825602
-98877163
-98897555
-98901495
-98913466
-98923527
-98987104
-99008257
-99013635
-99028659
-99041974
-99077481
-99078787
-99101334
-99112210
-99123184
-99131643
-99133535
-99160758
-99175278
-99177459
-99180655
-99226437
-99240822
-99250421
-99251051
-99275263
-99313482
-99333598
-99366247
-99396723
-99408523
-99416629
-99444382
-99447064
-99452363
-99454986
-99460084
-99470239
-99475029
-99490536
-99533103
-99568160
-99585196
-99615218
-99654191
-99654728
-99666467
-99691024
-99693874
-99718635
-99739095
-99758355
-99759136
-99808437
-99817921
-99820190
-99856067
-99858332
-99880816
-99887886
-99899045
-99908152
-99933532
-99939952
-99953318
-99989355
