int
1000
-99488605
-99455114
-99423870
-98917950
-98875686
-98857067
-98765786
-98147353
-97931654
-97492833
-97424489
-97412552
-97354295
-97143096
-96979004
-96877555
-96269331
-96111732
-95824268
-95788383
-95319848
-95203327
-95116811
-94991187
-94929016
-94906563
-94673848
-94668559
-94003814
-93939085
-93683328
-93557536
-93438915
-93095374
-92810176
-92087420
-92067361
-92047429
-91972100
-91934427
-91598393
-91580756
-91225738
-91221691
-91126488
-91068673
-90504831
-90468576
-90388213
-90335044
-90308201
-90215615
-89787574
-89786309
-89582841
-89261070
-88910585
-88870094
-88832720
-88556146
-88439795
-88213764
-87751826
-87384690
-87133250
-86791938
-86676996
-86642618
-86471249
-86348016
-86127282
-85877637
-85408756
-85142581
-84915594
-84735209
-84719630
-84300276
-84110931
-84098891
-84092895
-84077071
-83859036
-83695979
-83665077
-83207824
-83196181
-83021656
-82660560
-82636496
-82322259
-82245671
-82073788
-82030350
-81946878
-81880060
-81781724
-81759950
-81613771
-81485492
-81427340
-80854307
-80675669
-80664192
-80576118
-80397719
-80080245
-79992206
-79989123
-79812769
-79571732
-79495306
-79320429
-78976010
-78929154
-78823450
-78495174
-78458872
-78434084
-78335560
-78330834
-78064502
-78016915
-77364170
-76892506
-76879438
-76855615
-76845256
-76765118
-76591881
-75678807
-75411156
-75396624
-75090694
-74967346
-74640434
-74581456
-74528483
-74460799
-74386428
-74314847
-74187368
-74052914
-73585417
-73573214
-73509726
-73371804
-73005752
-72972939
-72877508
-72610073
-72185960
-71856384
-71810457
-71791825
-71749259
-71500864
-71406245
-70943032
-70537399
-70252713
-70128613
-70062622
-69890792
-69841634
-69627491
-69539700
-69519379
-69161345
-69076738
-68822097
-68790573
-68726568
-68630308
-68604898
-68405625
-68153961
-67966261
-67786564
-67556126
-67252720
-66899970
-66306349
-66256778
-66015384
-65668124
-64728555
-64610989
-64573590
-64311933
-64272947
-64135248
-63871130
-63805219
-63477644
-63441493
-63393863
-63336260
-63281862
-63209418
-63070286
-63063077
-62856759
-62822922
-62764463
-62562180
-62253125
-61942767
-61823439
-61817238
-61689797
-61283500
-61054305
-61033174
-60861598
-60524629
-60444820
-60318590
-60257214
-60151850
-60142232
-59955969
-59913785
-59829166
-59252012
-59109225
-58734823
-58469737
-58395380
-58198873
-57851042
-57687266
-57575437
-57526454
-57114459
-57058231
-56224901
-55978322
-55277187
-55111100
-54790326
-54783671
-54550710
-54521839
-54259282
-54147383
-54119026
-53513053
-53505257
-53408497
-53245867
-53185399
-53001366
-52285286
-52145323
-52091775
-51944609
-51848360
-51690151
-51625339
-51090243
-51023486
-50931687
-50924188
-50660533
-50567856
-50124077
-49790005
-49652960
-49578309
-49428090
-49004337
-48202929
-47937333
-47795137
-47791665
-47727212
-47460192
-47166360
-46941322
-46684946
-46593216
-46571154
-46513044
-46413191
-46395258
-46349715
-46285204
-46246644
-46238308
-46086241
-45750759
-45694959
-44835703
-44829336
-44780550
-44490592
-44465678
-43942495
-43885499
-43283091
-43240182
-43122557
-42982603
-42969486
-42651066
-42621033
-42609631
-42431559
-42225377
-41960245
-41927700
-41260662
-40813041
-40798761
-40704046
-40365857
-40205303
-39963775
-39387434
-39282654
-39278944
-39203644
-39148569
-38963141
-38763263
-38680271
-38116681
-37587443
-37314076
-37283796
-37097017
-37063915
-36842925
-35971419
-35802742
-35330384
-34795193
-34785535
-34769503
-34661158
-34528035
-34052916
-34023770
-33989965
-33917985
-33900321
-33857577
-33820848
-33775280
-33729569
-33416046
-33236364
-32854360
-32480973
-31898370
-31878676
-31844345
-31585852
-31454622
-31390484
-31359623
-31212645
-31128465
-30782551
-30631781
-29896327
-29852667
-29484323
-29434024
-29295833
-29279026
-29136872
-29005922
-28827524
-28802719
-28744797
-28720677
-28561392
-28257278
-28116077
-27627107
-27453370
-27428017
-27345607
-26997368
-26761326
-26756612
-26241925
-26139048
-25908794
-25618150
-24180677
-23736304
-23703257
-23460632
-23429120
-23359013
-23044532
-22974109
-22969170
-22897040
-22693378
-22674601
-22305116
-22173796
-22103928
-21978026
-21864663
-21549385
-21502105
-21319332
-21296116
-21276294
-20801433
-20339234
-20197298
-20123043
-19615870
-19328220
-18989756
-18936120
-18821455
-18737198
-18511516
-18508691
-17571704
-16997746
-16731466
-16704149
-16543336
-16483964
-16211947
-16164597
-15927571
-14932006
-14368680
-14294682
-14216771
-13532171
-13201952
-13191594
-13062197
-12954259
-12726673
-12141744
-11761100
-11473259
-11361441
-11246785
-11104302
-10698056
-10523707
-10500260
-10387579
-10140485
-10053704
-9327513
-9320264
-8913459
-8753031
-8421228
-8333602
-8249238
-8002435
-7969141
-7900300
-7880295
-7738501
-7195635
-7050451
-6946704
-6922915
-6907980
-6699911
-6621587
-6453027
-6290418
-6024607
-5793810
-5462946
-5113533
-4870791
-4735294
-4427134
-4251855
-3603286
-3525742
-3459775
-2858813
-2526757
-2427356
-2137017
-2021472
-1923993
-1737354
-1008899
-252771
-120621
12618
79811
670613
712242
715976
822629
873333
1069649
1234291
1275571
1389787
2143216
2179399
2241559
2403481
2544439
3035410
3771269
3918221
4281306
4587891
4956769
5226376
5359726
5548665
5649694
6001565
6082034
6434360
6784540
6849838
7051915
7443697
7496773
7629835
7813672
7863254
8089571
8106519
8163741
8206633
8371012
8629856
8681644
8767894
10323204
10331674
10370670
10443999
11170433
11562883
12158937
12222932
12259782
12322594
12411691
12467868
12581164
12800303
13786931
14173213
14186998
14194457
14271178
14345834
14450608
14568231
14575955
14629903
14642343
14670637
14732291
14751580
14903217
15283527
16511328
16584831
16647392
16890566
17242246
17304744
17310229
17456707
17501506
17545889
18076216
18101601
18683893
18733328
19186868
19205894
19439824
19497281
19543560
19628025
19780818
19811426
20111638
20310885
20403019
20535776
20830977
21175997
21538792
21606995
21904856
22064093
22266309
22495006
22651231
22688836
22789610
22886454
23108687
23285358
23320712
24030726
24153856
24540142
24855019
25160517
25187711
25286658
25571818
25780625
25801965
25807692
25964635
26426305
26433690
26546125
26685332
27049837
27156290
27219749
27290890
27529496
28069458
28197742
28384584
28591542
28726506
28987809
29165716
29506000
29530226
29561570
29563529
29703147
29967383
30309612
30417927
30429271
30590276
30665339
31032990
31083184
31112685
31317963
31318220
31418977
31549695
31616079
31834897
31881792
31920760
31930805
32207325
32243564
32558585
32758310
32789532
32910923
32913142
33044909
33375615
33983681
34009294
34019770
34021609
34068912
34143138
34367040
34443524
35425314
35451767
35737224
35937077
35982178
36077631
36130808
36166238
36176225
36193674
36788915
36798988
36882419
36986481
37379609
37425359
37548723
37601798
37666195
37784969
37851731
38066309
38343016
38505453
38633284
38752090
38787043
39064426
39164854
39456449
39462726
39820726
39862116
39900233
40107031
40376596
40846666
41304692
42030827
42081457
42200821
42453963
42457478
42527382
43032028
43312044
43542367
43671533
43696525
43738209
43757170
44184042
44639885
44658622
44689911
45481409
45570787
45684446
45729248
45930531
45945544
46009574
46044986
46074764
46268764
46305176
46389073
46664706
46726713
47007208
47144345
47236532
47697570
47706064
48025308
48172222
48428178
48771538
48923892
49404667
49461771
49465986
50219025
50495690
50583007
51131912
51224277
51267159
51326301
51386305
51398998
51632113
51817169
51935822
51969549
52105519
52159114
52399900
52658549
52751587
52834791
52863254
53062155
53373548
53412437
53664683
53988191
54254095
54295201
54436986
54713858
54756569
54886599
54942676
55074116
55211414
55456357
56130780
56307757
56553810
56603000
56909001
56929928
57572797
57660788
57686304
57880338
57933280
58121663
58706012
59167824
59281746
59289075
59374064
59385441
59428897
59450675
60246358
60448646
60657854
60681286
60840145
60888298
61028391
61188219
61483274
61528130
61630149
61782010
61967130
62139866
62143495
62238221
62476511
62681557
62867350
63046352
63324594
63489561
64569256
64879344
65142922
65148960
65236929
65574636
65667635
65858279
65893292
66407878
67132783
67393822
67994334
68293254
68540713
68797161
69052240
69706731
69755646
70061609
70320773
70387800
70588077
70873280
71262703
71355305
71378201
71707394
71891869
72009997
72160156
72334188
72746997
73075330
73288276
73440783
73494081
73510316
73701124
73818798
74155218
74183353
74418745
75010706
75176997
76310510
76420125
76646026
76764464
77102634
77140216
77199404
77396013
77713523
77763310
77898981
77899688
77911179
78788566
78793901
78860470
79712619
79802129
79885914
79957929
80090958
80224982
80393188
80525768
80609680
80619203
80633576
80867879
80962752
81003013
81087543
81132237
81738092
81801897
81893282
81971583
82373590
82420796
82509135
82755209
82847896
83184024
83603267
83797068
83936598
84044536
84060010
84191866
84315661
84449914
84479455
84819751
85088258
85411709
85510816
85534541
85662570
86284550
86432828
86469488
86952117
87034988
87124212
87192103
87206419
87328024
88159226
88313521
88330086
88637699
88885075
89129521
89400397
89576645
89859482
90286116
91329877
91424210
91854967
92693029
92888154
93240766
93707156
93807301
93982427
94104165
94155874
94565495
94684993
95055105
95110769
95380520
95615549
95729810
95751194
95859931
96036958
96677885
96687167
97319243
97445133
97884114
97936690
98065082
98290491
98454901
98547289
98673541
98993044
99028820
99116306
99516239
99764284
