int
100
73096839
-99084701
-98716950
-91709611
-90813197
-90661879
-90611268
-89504007
-88882989
-88585225
2906971
-88424257
-23761440
-85207010
-80165519
-78562387
-76794510
-52645233
-76405455
-75647455
-73159874
-67413571
-65844068
-62449354
-61350797
-60234188
-57716598
-57077109
-56727499
-56216844
-36690057
-50765702
-99139121
-76435001
-35548423
-33412784
-32801574
-32163564
-29131146
-26304121
-87040508
-23183394
-21841884
-21718954
-21698782
78580906
-17862051
-15494740
-11835741
-11142726
-10692791
-10069498
-8806618
-7021
37764
-88808583
6583117
6935695
8702443
10673945
87727739
12787098
13086481
14033258
14433204
15966028
21508271
24132132
26462919
53124584
29913439
30272431
31007712
-42637320
34111419
43354046
38933301
46101457
47405363
51435924
-21155712
56959662
59055671
65101277
65589560
66119833
67831688
71590061
45118626
75337403
29762200
11624496
88958317
89463072
89654532
91215523
93967884
94030138
96798244
97666911
