int
100
97666911
96798244
94030138
93967884
91215523
89654532
89463072
88958317
87727739
78580906
75337403
73096839
71590061
67831688
66119833
65589560
65101277
59055671
56959662
53124584
51435924
47405363
46101457
45118626
43354046
38933301
34111419
31007712
30272431
29913439
29762200
26462919
24132132
21508271
15966028
14433204
14033258
13086481
12787098
11624496
10673945
8702443
6935695
6583117
2906971
37764
-7021
-8806618
-10069498
-10692791
-11142726
-11835741
-15494740
-17862051
-21155712
-21698782
-21718954
-21841884
-23183394
-23761440
-26304121
-29131146
-32163564
-32801574
-33412784
-35548423
-36690057
-42637320
-50765702
-52645233
-56216844
-56727499
-57077109
-57716598
-60234188
-61350797
-62449354
-65844068
-67413571
-73159874
-75647455
-76405455
-76435001
-76794510
-78562387
-80165519
-85207010
-87040508
-88424257
-88585225
-88808583
-88882989
-89504007
-90611268
-90661879
-90813197
-91709611
-98716950
-99084701
-99139121
