int
100
8702443
-32163564
56959662
-90813197
-99139121
-87040508
13086481
-36690057
65101277
-76435001
45118626
-56727499
10673945
96798244
-11142726
67831688
-78562387
-76405455
38933301
26462919
-99084701
59055671
93967884
88958317
-61350797
-90661879
-42637320
-57716598
47405363
21508271
-88882989
-73159874
30272431
-88424257
-80165519
89463072
-23761440
29913439
31007712
-29131146
71590061
-26304121
-32801574
-67413571
15966028
11624496
89654532
-8806618
91215523
-88585225
73096839
-21155712
-85207010
-65844068
-89504007
14433204
87727739
-90611268
-15494740
-91709611
-11835741
-98716950
94030138
-52645233
34111419
2906971
-75647455
-57077109
46101457
24132132
-21841884
78580906
-88808583
12787098
-56216844
-35548423
75337403
66119833
-33412784
53124584
6583117
-60234188
-23183394
-10069498
65589560
-7021
-76794510
-21718954
-50765702
29762200
-21698782
6935695
51435924
97666911
-17862051
-10692791
43354046
14033258
37764
-62449354
