638319
186421
7283277
1424015
1009344
1917032
801099
2879498
5585473
301779
8621536
4338579
6039723
137473
1287066
2838948
7253956
5038592
8716756
5219273
6165963
814597
8397429
6893748
5367253
7689731
8993141
6934719
683873
3047676
3663383
9669675
5213954
7243486
7024657
3140838
5587292
8445755
9717628
686069
5023269
7289072
9645381
9072452
3943561
1623361
7735050
2486485
9843923
5459175
162361
6203813
605100
759467
9492454
3626100
2840539
1963227
3610840
733698
4699071
9341071
2740355
6432741
5003415
8015071
9815004
4045722
4228863
6747756
1377558
4054122
1910931
2367122
292163
2853448
5323435
2706671
5849378
6190107
6433248
487809
3759432
2801303
5990288
5514764
2797082
1841629
5884389
2984361
3863690
3385688
7326460
3216029
5305295
1812358
8080916
9020739
6011283
7462284
